Confirmed,Recovered,Deaths,Remaining,Date_last_updated_IST,date_day,New
723,309,37,377,2020-04-23 16:20:00,2020-04-23,6
717,282,37,398,2020-04-22 16:22:00,2020-04-22,0
717,248,37,432,2020-04-21 17:14:00,2020-04-21,4
713,235,36,442,2020-04-20 16:35:00,2020-04-20,9
704,205,35,464,2020-04-19 16:30:00,2020-04-19,8
696,191,35,470,2020-04-18 15:07:00,2020-04-18,0
696,191,35,470,2020-04-17 22:01:00,2020-04-17,23
673,169,33,471,2020-04-16 21:38:00,2020-04-16,0
673,169,33,471,2020-04-15 20:35:00,2020-04-15,27
646,128,29,489,2020-04-14 23:37:00,2020-04-14,0
646,128,29,489,2020-04-13 21:50:00,2020-04-13,45
601,71,26,504,2020-04-12 21:08:00,2020-04-12,0
601,71,26,504,2020-04-11 07:00:00,2020-04-11,0
601,71,26,504,2020-04-10 22:00:00,2020-04-10,18
583,58,25,500,2020-04-09 22:00:00,2020-04-09,19
564,52,23,489,2020-04-08 23:00:00,2020-04-08,19
545,39,22,484,2020-04-07 23:00:00,2020-04-07,20
525,31,21,473,2020-04-06 23:00:00,2020-04-06,24
501,26,18,457,2020-04-05 23:00:00,2020-04-05,35
466,21,17,428,2020-04-04 23:50:00,2020-04-04,27
439,16,16,407,2020-04-03 23:30:00,2020-04-03,11
428,10,15,403,2020-04-02 23:30:00,2020-04-02,38
390,10,14,366,2020-04-01 23:00:00,2020-04-01,14
376,10,12,354,2020-03-31 23:30:00,2020-03-31,6
370,10,8,352,2020-03-30 22:30:00,2020-03-30,36
334,1,6,327,2020-03-29 23:10:00,2020-03-29,26
308,1,3,304,2020-03-28 23:30:00,2020-03-28,41
267,1,3,263,2020-03-27 23:30:00,2020-03-27,43
224,1,3,220,2020-03-26 22:40:00,2020-03-26,36
188,1,1,186,2020-03-25 22:00:00,2020-03-25,24
164,1,1,162,2020-03-24 22:30:00,2020-03-24,31
133,1,1,131,2020-03-23 23:40:00,2020-03-23,20
113,1,1,111,2020-03-22 22:30:00,2020-03-22,25
88,1,0,87,2020-03-21 23:30:00,2020-03-21,13
75,1,0,74,2020-03-20 22:45:00,2020-03-20,1
74,1,0,73,2020-03-19 23:30:00,2020-03-19,21
53,1,0,52,2020-03-18 23:30:00,2020-03-18,14
39,1,0,38,2020-03-17 22:30:00,2020-03-17,25
14,0,0,14,2020-03-16 22:00:00,2020-03-16,9
5,0,0,5,2020-03-15 23:30:00,2020-03-15,4
1,0,0,1,2020-03-14 22:30:00,2020-03-14,0
1,0,0,1,2020-03-13 22:00:00,2020-03-13,0
1,0,0,1,2020-03-12 22:00:00,2020-03-12,0
1,0,0,1,2020-03-11 22:30:00,2020-03-11,0
1,0,0,1,2020-03-10 23:00:00,2020-03-10,0
1,0,0,1,2020-03-09 22:30:00,2020-03-09,0
1,0,0,1,2020-03-08 22:00:00,2020-03-08,0
1,0,0,1,2020-03-07 22:00:00,2020-03-07,0
1,0,0,1,2020-03-06 20:30:00,2020-03-06,0
1,0,0,1,2020-03-05 20:30:00,2020-03-05,0
1,0,0,1,2020-03-04 22:00:00,2020-03-04,0
1,0,0,1,2020-03-03 23:30:00,2020-03-03,0
1,0,0,1,2020-03-02 22:00:00,2020-03-02,1
0,0,0,0,2020-03-01 23:00:00,2020-03-01,0
0,0,0,0,2020-02-29 23:00:00,2020-02-29,0
0,0,0,0,2020-02-28 23:00:00,2020-02-28,0
0,0,0,0,2020-02-27 22:00:00,2020-02-27,0
0,0,0,0,2020-02-26 23:30:00,2020-02-26,0
0,0,0,0,2020-02-25 22:00:00,2020-02-25,0
0,0,0,0,2020-02-24 23:00:00,2020-02-24,0
0,0,0,0,2020-02-23 22:00:00,2020-02-23,0
0,0,0,0,2020-02-22 23:00:00,2020-02-22,0
0,0,0,0,2020-02-21 23:00:00,2020-02-21,0
0,0,0,0,2020-02-20 22:00:00,2020-02-20,0
0,0,0,0,2020-02-19 23:00:00,2020-02-19,0
0,0,0,0,2020-02-18 23:00:00,2020-02-18,0
0,0,0,0,2020-02-17 23:00:00,2020-02-17,0
0,0,0,0,2020-02-16 22:30:00,2020-02-16,0
0,0,0,0,2020-02-15 23:00:00,2020-02-15,0
0,0,0,0,2020-02-14 23:00:00,2020-02-14,0
0,0,0,0,2020-02-13 22:00:00,2020-02-13,0
0,0,0,0,2020-02-12 21:30:00,2020-02-12,0
0,0,0,0,2020-02-11 23:00:00,2020-02-11,0
0,0,0,0,2020-02-10 22:30:00,2020-02-10,0
0,0,0,0,2020-02-09 23:00:00,2020-02-09,0
0,0,0,0,2020-02-08 22:00:00,2020-02-08,0
0,0,0,0,2020-02-07 23:00:00,2020-02-07,0
0,0,0,0,2020-02-06 21:30:00,2020-02-06,0
0,0,0,0,2020-02-05 23:00:00,2020-02-05,0
0,0,0,0,2020-02-04 20:00:00,2020-02-04,0
0,0,0,0,2020-02-03 20:00:00,2020-02-03,0
0,0,0,0,2020-02-02 22:00:00,2020-02-02,0
0,0,0,0,2020-02-01 23:00:00,2020-02-01,0
0,0,0,0,2020-01-31 19:00:00,2020-01-31,0
0,0,0,0,2020-01-30 21:30:00,2020-01-30,0
0,0,0,0,2020-01-29 21:00:00,2020-01-29,0
0,0,0,0,2020-01-28 23:00:00,2020-01-28,0
0,0,0,0,2020-01-27 20:30:00,2020-01-27,0
0,0,0,0,2020-01-26 23:00:00,2020-01-26,0
0,0,0,0,2020-01-25 22:00:00,2020-01-25,0
0,0,0,0,2020-01-24 12:00:00,2020-01-24,0
0,0,0,0,2020-01-23 00:00:00,2020-01-23,0
0,0,0,0,2020-01-22 00:00:00,2020-01-22,0
0,0,0,0,2020-01-21 00:00:00,2020-01-21,0
