Confirmed,Recovered,Deaths,Remaining,Date_last_updated_IST,date_day,New
4689,112,131,4446,2020-04-25 01:28:00,2020-04-25,0
4689,112,131,4446,2020-04-24 15:23:00,2020-04-24,503
4186,108,127,3951,2020-04-23 16:20:00,2020-04-23,414
3772,92,120,3560,2020-04-22 16:22:00,2020-04-22,390
3382,87,110,3185,2020-04-21 17:14:00,2020-04-21,434
2948,85,101,2762,2020-04-20 16:35:00,2020-04-20,492
2456,75,91,2290,2020-04-19 16:30:00,2020-04-19,312
2144,66,84,1994,2020-04-18 15:07:00,2020-04-18,306
1838,58,75,1705,2020-04-17 22:01:00,2020-04-17,266
1572,49,60,1463,2020-04-16 21:38:00,2020-04-16,341
1231,49,50,1132,2020-04-15 20:35:00,2020-04-15,219
1012,42,46,924,2020-04-14 23:37:00,2020-04-14,209
803,42,39,722,2020-04-13 21:50:00,2020-04-13,182
621,39,34,548,2020-04-12 21:08:00,2020-04-12,139
482,36,30,416,2020-04-11 07:00:00,2020-04-11,58
424,33,27,364,2020-04-10 22:00:00,2020-04-10,94
330,33,21,276,2020-04-09 22:00:00,2020-04-09,112
218,33,20,165,2020-04-08 23:00:00,2020-04-08,54
164,33,17,114,2020-04-07 23:00:00,2020-04-07,41
123,33,12,78,2020-04-06 23:00:00,2020-04-06,35
88,33,9,46,2020-04-05 23:00:00,2020-04-05,18
70,30,8,32,2020-04-04 23:50:00,2020-04-04,9
61,26,6,29,2020-04-03 23:30:00,2020-04-03,5
56,25,6,25,2020-04-02 23:30:00,2020-04-02,2
54,25,6,23,2020-04-01 23:00:00,2020-04-01,3
51,25,5,21,2020-03-31 23:30:00,2020-03-31,2
49,19,5,25,2020-03-30 22:30:00,2020-03-30,1
48,15,5,28,2020-03-29 23:10:00,2020-03-29,0
48,15,5,28,2020-03-28 23:30:00,2020-03-28,0
48,11,5,32,2020-03-27 23:30:00,2020-03-27,4
44,11,5,28,2020-03-26 22:40:00,2020-03-26,5
39,7,5,27,2020-03-25 22:00:00,2020-03-25,0
39,5,4,30,2020-03-24 22:30:00,2020-03-24,6
33,5,3,25,2020-03-23 23:40:00,2020-03-23,6
27,3,2,22,2020-03-22 22:30:00,2020-03-22,3
24,3,2,19,2020-03-21 23:30:00,2020-03-21,4
20,3,1,16,2020-03-20 22:45:00,2020-03-20,2
18,3,1,14,2020-03-19 23:30:00,2020-03-19,4
14,3,1,10,2020-03-18 23:30:00,2020-03-18,4
10,3,0,7,2020-03-17 22:30:00,2020-03-17,2
8,3,0,5,2020-03-16 22:00:00,2020-03-16,3
5,2,0,3,2020-03-15 23:30:00,2020-03-15,0
5,2,0,3,2020-03-14 22:30:00,2020-03-14,2
3,1,0,2,2020-03-13 22:00:00,2020-03-13,0
3,0,0,3,2020-03-12 22:00:00,2020-03-12,0
3,0,0,3,2020-03-11 22:30:00,2020-03-11,0
3,0,0,3,2020-03-10 23:00:00,2020-03-10,0
3,0,0,3,2020-03-09 22:30:00,2020-03-09,0
3,0,0,3,2020-03-08 22:00:00,2020-03-08,3
0,0,0,0,2020-03-07 22:00:00,2020-03-07,0
0,0,0,0,2020-03-06 20:30:00,2020-03-06,0
0,0,0,0,2020-03-05 20:30:00,2020-03-05,0
0,0,0,0,2020-03-04 22:00:00,2020-03-04,0
0,0,0,0,2020-03-03 23:30:00,2020-03-03,0
0,0,0,0,2020-03-02 22:00:00,2020-03-02,0
0,0,0,0,2020-03-01 23:00:00,2020-03-01,0
0,0,0,0,2020-02-29 23:00:00,2020-02-29,0
0,0,0,0,2020-02-28 23:00:00,2020-02-28,0
0,0,0,0,2020-02-27 22:00:00,2020-02-27,0
0,0,0,0,2020-02-26 23:30:00,2020-02-26,0
0,0,0,0,2020-02-25 22:00:00,2020-02-25,0
0,0,0,0,2020-02-24 23:00:00,2020-02-24,0
0,0,0,0,2020-02-23 22:00:00,2020-02-23,0
0,0,0,0,2020-02-22 23:00:00,2020-02-22,0
0,0,0,0,2020-02-21 23:00:00,2020-02-21,0
0,0,0,0,2020-02-20 22:00:00,2020-02-20,0
0,0,0,0,2020-02-19 23:00:00,2020-02-19,0
0,0,0,0,2020-02-18 23:00:00,2020-02-18,0
0,0,0,0,2020-02-17 23:00:00,2020-02-17,0
0,0,0,0,2020-02-16 22:30:00,2020-02-16,0
0,0,0,0,2020-02-15 23:00:00,2020-02-15,0
0,0,0,0,2020-02-14 23:00:00,2020-02-14,0
0,0,0,0,2020-02-13 22:00:00,2020-02-13,0
0,0,0,0,2020-02-12 21:30:00,2020-02-12,0
0,0,0,0,2020-02-11 23:00:00,2020-02-11,0
0,0,0,0,2020-02-10 22:30:00,2020-02-10,0
0,0,0,0,2020-02-09 23:00:00,2020-02-09,0
0,0,0,0,2020-02-08 22:00:00,2020-02-08,0
0,0,0,0,2020-02-07 23:00:00,2020-02-07,0
0,0,0,0,2020-02-06 21:30:00,2020-02-06,0
0,0,0,0,2020-02-05 23:00:00,2020-02-05,0
0,0,0,0,2020-02-04 20:00:00,2020-02-04,0
0,0,0,0,2020-02-03 20:00:00,2020-02-03,0
0,0,0,0,2020-02-02 22:00:00,2020-02-02,0
0,0,0,0,2020-02-01 23:00:00,2020-02-01,0
0,0,0,0,2020-01-31 19:00:00,2020-01-31,0
0,0,0,0,2020-01-30 21:30:00,2020-01-30,0
0,0,0,0,2020-01-29 21:00:00,2020-01-29,0
0,0,0,0,2020-01-28 23:00:00,2020-01-28,0
0,0,0,0,2020-01-27 20:30:00,2020-01-27,0
0,0,0,0,2020-01-26 23:00:00,2020-01-26,0
0,0,0,0,2020-01-25 22:00:00,2020-01-25,0
0,0,0,0,2020-01-24 12:00:00,2020-01-24,0
0,0,0,0,2020-01-23 00:00:00,2020-01-23,0
0,0,0,0,2020-01-22 00:00:00,2020-01-22,0
0,0,0,0,2020-01-21 00:00:00,2020-01-21,0
