Confirmed,Recovered,Deaths,Remaining,Date_last_updated_IST,date_day,New
1188,193,54,941,2020-04-25 01:28:00,2020-04-25,17
1171,193,52,926,2020-04-24 15:23:00,2020-04-24,90
1081,190,50,841,2020-04-23 16:20:00,2020-04-23,66
1015,174,47,794,2020-04-22 16:22:00,2020-04-22,49
966,170,45,751,2020-04-21 17:14:00,2020-04-21,51
915,167,43,705,2020-04-20 16:35:00,2020-04-20,31
884,161,42,681,2020-04-19 16:30:00,2020-04-19,19
865,153,41,671,2020-04-18 15:07:00,2020-04-18,19
846,141,41,664,2020-04-17 22:01:00,2020-04-17,46
800,122,38,640,2020-04-16 21:38:00,2020-04-16,53
747,105,36,606,2020-04-15 20:35:00,2020-04-15,34
713,81,35,597,2020-04-14 23:37:00,2020-04-14,28
685,71,32,582,2020-04-13 21:50:00,2020-04-13,16
669,68,29,572,2020-04-12 21:08:00,2020-04-12,21
648,62,26,560,2020-04-11 07:00:00,2020-04-11,13
635,54,25,556,2020-04-10 22:00:00,2020-04-10,17
618,48,24,546,2020-04-09 22:00:00,2020-04-09,25
593,42,24,527,2020-04-08 23:00:00,2020-04-08,16
577,42,23,512,2020-04-07 23:00:00,2020-04-07,28
549,39,22,488,2020-04-06 23:00:00,2020-04-06,18
531,37,20,474,2020-04-05 23:00:00,2020-04-05,28
503,34,17,452,2020-04-04 23:50:00,2020-04-04,18
485,30,14,441,2020-04-03 23:30:00,2020-04-03,28
457,25,10,422,2020-04-02 23:30:00,2020-04-02,35
422,20,10,392,2020-04-01 23:00:00,2020-04-01,23
399,17,8,374,2020-03-31 23:30:00,2020-03-31,40
359,17,8,334,2020-03-30 22:30:00,2020-03-30,13
346,14,8,324,2020-03-29 23:10:00,2020-03-29,15
331,11,7,313,2020-03-28 23:30:00,2020-03-28,38
293,9,3,281,2020-03-27 23:30:00,2020-03-27,29
264,8,3,253,2020-03-26 22:40:00,2020-03-26,22
242,4,3,235,2020-03-25 22:00:00,2020-03-25,24
218,3,3,212,2020-03-24 22:30:00,2020-03-24,17
201,3,3,195,2020-03-23 23:40:00,2020-03-23,14
187,3,3,181,2020-03-22 22:30:00,2020-03-22,24
163,3,3,157,2020-03-21 23:30:00,2020-03-21,36
127,1,3,123,2020-03-20 22:45:00,2020-03-20,20
107,0,3,104,2020-03-19 23:30:00,2020-03-19,15
92,0,2,90,2020-03-18 23:30:00,2020-03-18,11
81,0,2,79,2020-03-17 22:30:00,2020-03-17,19
62,0,2,60,2020-03-16 22:00:00,2020-03-16,11
51,0,2,49,2020-03-15 23:30:00,2020-03-15,10
41,0,2,39,2020-03-14 22:30:00,2020-03-14,10
31,0,1,30,2020-03-13 22:00:00,2020-03-13,8
23,0,1,22,2020-03-12 22:00:00,2020-03-12,16
7,0,1,6,2020-03-11 22:30:00,2020-03-11,1
6,0,0,6,2020-03-10 23:00:00,2020-03-10,2
4,0,0,4,2020-03-09 22:30:00,2020-03-09,0
4,0,0,4,2020-03-08 22:00:00,2020-03-08,2
2,0,0,2,2020-03-07 22:00:00,2020-03-07,2
0,0,0,0,2020-03-06 20:30:00,2020-03-06,0
0,0,0,0,2020-03-05 20:30:00,2020-03-05,0
0,0,0,0,2020-03-04 22:00:00,2020-03-04,0
0,0,0,0,2020-03-03 23:30:00,2020-03-03,0
0,0,0,0,2020-03-02 22:00:00,2020-03-02,0
0,0,0,0,2020-03-01 23:00:00,2020-03-01,0
0,0,0,0,2020-02-29 23:00:00,2020-02-29,0
0,0,0,0,2020-02-28 23:00:00,2020-02-28,0
0,0,0,0,2020-02-27 22:00:00,2020-02-27,0
0,0,0,0,2020-02-26 23:30:00,2020-02-26,0
0,0,0,0,2020-02-25 22:00:00,2020-02-25,0
0,0,0,0,2020-02-24 23:00:00,2020-02-24,0
0,0,0,0,2020-02-23 22:00:00,2020-02-23,0
0,0,0,0,2020-02-22 23:00:00,2020-02-22,0
0,0,0,0,2020-02-21 23:00:00,2020-02-21,0
0,0,0,0,2020-02-20 22:00:00,2020-02-20,0
0,0,0,0,2020-02-19 23:00:00,2020-02-19,0
0,0,0,0,2020-02-18 23:00:00,2020-02-18,0
0,0,0,0,2020-02-17 23:00:00,2020-02-17,0
0,0,0,0,2020-02-16 22:30:00,2020-02-16,0
0,0,0,0,2020-02-15 23:00:00,2020-02-15,0
0,0,0,0,2020-02-14 23:00:00,2020-02-14,0
0,0,0,0,2020-02-13 22:00:00,2020-02-13,0
0,0,0,0,2020-02-12 21:30:00,2020-02-12,0
0,0,0,0,2020-02-11 23:00:00,2020-02-11,0
0,0,0,0,2020-02-10 22:30:00,2020-02-10,0
0,0,0,0,2020-02-09 23:00:00,2020-02-09,0
0,0,0,0,2020-02-08 22:00:00,2020-02-08,0
0,0,0,0,2020-02-07 23:00:00,2020-02-07,0
0,0,0,0,2020-02-06 21:30:00,2020-02-06,0
0,0,0,0,2020-02-05 23:00:00,2020-02-05,0
0,0,0,0,2020-02-04 20:00:00,2020-02-04,0
0,0,0,0,2020-02-03 20:00:00,2020-02-03,0
0,0,0,0,2020-02-02 22:00:00,2020-02-02,0
0,0,0,0,2020-02-01 23:00:00,2020-02-01,0
0,0,0,0,2020-01-31 19:00:00,2020-01-31,0
0,0,0,0,2020-01-30 21:30:00,2020-01-30,0
0,0,0,0,2020-01-29 21:00:00,2020-01-29,0
0,0,0,0,2020-01-28 23:00:00,2020-01-28,0
0,0,0,0,2020-01-27 20:30:00,2020-01-27,0
0,0,0,0,2020-01-26 23:00:00,2020-01-26,0
0,0,0,0,2020-01-25 22:00:00,2020-01-25,0
0,0,0,0,2020-01-24 12:00:00,2020-01-24,0
0,0,0,0,2020-01-23 00:00:00,2020-01-23,0
0,0,0,0,2020-01-22 00:00:00,2020-01-22,0
0,0,0,0,2020-01-21 00:00:00,2020-01-21,0
