Confirmed,Recovered,Deaths,Remaining,Date_last_updated_IST,Date_last_updated,date_day,New
542,226,32,284,2020-04-16 21:38:00,,2020-04-16,14
528,177,30,321,2020-04-15 20:35:00,,2020-04-15,13
515,161,27,327,2020-04-14 23:37:00,,2020-04-14,18
497,161,27,309,2020-04-13 21:50:00,,2020-04-13,13
484,155,27,302,2020-04-12 21:08:00,,2020-04-12,36
448,149,26,273,2020-04-11 07:00:00,,2020-04-11,0
448,149,26,273,2020-04-10 22:00:00,,2020-04-10,5
443,146,24,273,2020-04-09 22:00:00,,2020-04-09,29
414,134,23,257,2020-04-08 23:00:00,,2020-04-08,30
384,127,19,238,2020-04-07 23:00:00,,2020-04-07,20
364,108,18,238,2020-04-06 23:00:00,,2020-04-06,19
345,90,17,238,2020-04-05 23:00:00,,2020-04-05,27
318,66,16,236,2020-04-04 23:50:00,,2020-04-04,16
302,50,16,236,2020-04-03 23:30:00,,2020-04-03,14
288,50,16,222,2020-04-02 23:30:00,,2020-04-02,6
282,46,16,220,2020-04-01 23:00:00,,2020-04-01,21
261,32,14,215,2020-03-31 23:30:00,,2020-03-31,15
246,31,12,203,2020-03-30 22:30:00,,2020-03-30,24
222,23,12,187,2020-03-29 23:10:00,,2020-03-29,15
207,21,11,175,2020-03-28 23:30:00,,2020-03-28,27
180,12,9,159,2020-03-27 23:30:00,,2020-03-27,28
152,10,7,135,2020-03-26 22:40:00,,2020-03-26,6
146,10,4,132,2020-03-25 22:00:00,,2020-03-25,32
114,7,4,103,2020-03-24 22:30:00,,2020-03-24,15
99,5,4,90,2020-03-23 23:40:00,,2020-03-23,24
75,5,4,66,2020-03-22 22:30:00,,2020-03-22,11
64,5,3,56,2020-03-21 23:30:00,,2020-03-21,24
40,4,1,35,2020-03-20 22:45:00,,2020-03-20,7
33,0,1,32,2020-03-19 23:30:00,,2020-03-19,13
20,0,1,19,2020-03-18 23:30:00,,2020-03-18,5
15,0,0,15,2020-03-17 22:30:00,,2020-03-17,0
15,0,0,15,2020-03-16 22:00:00,,2020-03-16,12
3,0,0,3,2020-03-15 23:30:00,,2020-03-15,1
2,0,0,2,2020-03-14 22:30:00,,2020-03-14,0
2,0,0,2,2020-03-13 22:00:00,,2020-03-13,0
2,0,0,2,2020-03-12 22:00:00,,2020-03-12,0
2,0,0,2,2020-03-11 22:30:00,,2020-03-11,0
2,0,0,2,2020-03-10 23:00:00,,2020-03-10,1
1,0,0,1,2020-03-09 22:30:00,,2020-03-09,0
