Confirmed,Recovered,Deaths,Remaining,Date_last_updated_IST,date_day,New
9887,7170,329,2388,2020-06-12 23:27:00,2020-06-12,1988
7899,4017,258,3624,2020-05-06 17:43:00,2020-05-06,210
7689,3314,237,4138,2020-05-01 21:43:00,2020-05-01,240
7449,2842,223,4384,2020-04-28 20:02:00,2020-04-28,45
7404,2555,221,4628,2020-04-27 14:50:00,2020-04-27,52
7352,2471,219,4662,2020-04-26 15:29:00,2020-04-26,79
7273,2389,215,4669,2020-04-25 17:01:00,2020-04-25,85
7188,2186,213,4789,2020-04-24 15:23:00,2020-04-24,52
7136,2002,210,4924,2020-04-23 16:20:00,2020-04-23,95
7041,1800,204,5037,2020-04-22 16:22:00,2020-04-22,127
6914,1597,196,5121,2020-04-21 17:14:00,2020-04-21,127
6787,1311,188,5288,2020-04-20 16:35:00,2020-04-20,130
6657,1235,181,5241,2020-04-19 16:30:00,2020-04-19,104
6553,1183,176,5194,2020-04-18 15:07:00,2020-04-18,54
6499,1174,173,5152,2020-04-17 22:01:00,2020-04-17,140
6359,972,169,5218,2020-04-16 21:38:00,2020-04-16,208
6151,676,163,5312,2020-04-15 20:35:00,2020-04-15,40
6111,642,161,5308,2020-04-14 23:37:00,2020-04-14,89
6022,519,143,5360,2020-04-13 21:50:00,2020-04-13,117
5905,422,132,5351,2020-04-12 21:08:00,2020-04-12,170
5735,370,123,5242,2020-04-11 07:00:00,2020-04-11,3
5732,346,119,5267,2020-04-10 22:00:00,2020-04-10,163
5569,301,112,5156,2020-04-09 22:00:00,2020-04-09,257
5312,233,99,4980,2020-04-08 23:00:00,2020-04-08,295
5017,172,88,4757,2020-04-07 23:00:00,2020-04-07,195
4822,121,78,4623,2020-04-06 23:00:00,2020-04-06,235
4587,96,67,4424,2020-04-05 23:00:00,2020-04-05,115
4472,78,59,4335,2020-04-04 23:50:00,2020-04-04,282
4190,72,53,4065,2020-04-03 23:30:00,2020-04-03,332
3858,67,44,3747,2020-04-02 23:30:00,2020-04-02,269
3589,61,39,3489,2020-04-01 23:00:00,2020-04-01,281
3308,45,31,3232,2020-03-31 23:30:00,2020-03-31,307
3001,25,23,2953,2020-03-30 22:30:00,2020-03-30,184
2817,11,16,2790,2020-03-29 23:10:00,2020-03-29,186
2631,11,11,2609,2020-03-28 23:30:00,2020-03-28,352
2279,11,9,2259,2020-03-27 23:30:00,2020-03-27,354
1925,10,9,1906,2020-03-26 22:40:00,2020-03-26,271
1654,10,6,1638,2020-03-25 22:00:00,2020-03-25,260
1394,10,3,1381,2020-03-24 22:30:00,2020-03-24,158
1236,7,1,1228,2020-03-23 23:40:00,2020-03-23,116
1120,6,1,1113,2020-03-22 22:30:00,2020-03-22,125
995,6,0,989,2020-03-21 23:30:00,2020-03-21,162
833,4,0,829,2020-03-20 22:45:00,2020-03-20,139
694,3,0,691,2020-03-19 23:30:00,2020-03-19,172
522,3,0,519,2020-03-18 23:30:00,2020-03-18,88
434,3,0,431,2020-03-17 22:30:00,2020-03-17,90
344,3,0,341,2020-03-16 22:00:00,2020-03-16,51
293,0,0,293,2020-03-15 23:30:00,2020-03-15,104
189,0,0,189,2020-03-14 22:30:00,2020-03-14,48
141,0,0,141,2020-03-13 22:00:00,2020-03-13,28
113,0,0,113,2020-03-12 22:00:00,2020-03-12,19
94,0,0,94,2020-03-11 22:30:00,2020-03-11,31
63,0,0,63,2020-03-10 23:00:00,2020-03-10,25
38,0,0,38,2020-03-09 22:30:00,2020-03-09,6
32,0,0,32,2020-03-08 22:00:00,2020-03-08,6
26,0,0,26,2020-03-07 22:00:00,2020-03-07,7
19,0,0,19,2020-03-06 20:30:00,2020-03-06,7
12,0,0,12,2020-03-05 20:30:00,2020-03-05,4
8,0,0,8,2020-03-04 22:00:00,2020-03-04,3
5,0,0,5,2020-03-03 23:30:00,2020-03-03,1
4,0,0,4,2020-03-02 22:00:00,2020-03-02,1
3,0,0,3,2020-03-01 23:00:00,2020-03-01,3
0,0,0,0,2020-02-29 23:00:00,2020-02-29,0
0,0,0,0,2020-02-28 23:00:00,2020-02-28,0
0,0,0,0,2020-02-27 22:00:00,2020-02-27,0
0,0,0,0,2020-02-26 23:30:00,2020-02-26,0
0,0,0,0,2020-02-25 22:00:00,2020-02-25,0
0,0,0,0,2020-02-24 23:00:00,2020-02-24,0
0,0,0,0,2020-02-23 22:00:00,2020-02-23,0
0,0,0,0,2020-02-22 23:00:00,2020-02-22,0
0,0,0,0,2020-02-21 23:00:00,2020-02-21,0
0,0,0,0,2020-02-20 22:00:00,2020-02-20,0
0,0,0,0,2020-02-19 23:00:00,2020-02-19,0
0,0,0,0,2020-02-18 23:00:00,2020-02-18,0
0,0,0,0,2020-02-17 23:00:00,2020-02-17,0
0,0,0,0,2020-02-16 22:30:00,2020-02-16,0
0,0,0,0,2020-02-15 23:00:00,2020-02-15,0
0,0,0,0,2020-02-14 23:00:00,2020-02-14,0
0,0,0,0,2020-02-13 22:00:00,2020-02-13,0
0,0,0,0,2020-02-12 21:30:00,2020-02-12,0
0,0,0,0,2020-02-11 23:00:00,2020-02-11,0
0,0,0,0,2020-02-10 22:30:00,2020-02-10,0
0,0,0,0,2020-02-09 23:00:00,2020-02-09,0
0,0,0,0,2020-02-08 22:00:00,2020-02-08,0
0,0,0,0,2020-02-07 23:00:00,2020-02-07,0
0,0,0,0,2020-02-06 21:30:00,2020-02-06,0
0,0,0,0,2020-02-05 23:00:00,2020-02-05,0
0,0,0,0,2020-02-04 20:00:00,2020-02-04,0
0,0,0,0,2020-02-03 20:00:00,2020-02-03,0
0,0,0,0,2020-02-02 22:00:00,2020-02-02,0
0,0,0,0,2020-02-01 23:00:00,2020-02-01,0
0,0,0,0,2020-01-31 19:00:00,2020-01-31,0
0,0,0,0,2020-01-30 21:30:00,2020-01-30,0
0,0,0,0,2020-01-29 21:00:00,2020-01-29,0
0,0,0,0,2020-01-28 23:00:00,2020-01-28,0
0,0,0,0,2020-01-27 20:30:00,2020-01-27,0
0,0,0,0,2020-01-26 23:00:00,2020-01-26,0
0,0,0,0,2020-01-25 22:00:00,2020-01-25,0
0,0,0,0,2020-01-24 12:00:00,2020-01-24,0
0,0,0,0,2020-01-23 00:00:00,2020-01-23,0
0,0,0,0,2020-01-22 00:00:00,2020-01-22,0
0,0,0,0,2020-01-21 00:00:00,2020-01-21,0
