Confirmed,Recovered,Deaths,Remaining,Date_last_updated_IST,date_day,New
5044,463,245,4336,2020-04-22 01:23:00,2020-04-22,80
4964,416,235,4313,2020-04-21 17:14:00,2020-04-21,284
4680,363,226,4091,2020-04-20 16:35:00,2020-04-20,345
4335,312,217,3806,2020-04-19 16:30:00,2020-04-19,209
4126,268,200,3658,2020-04-18 15:07:00,2020-04-18,0
4126,215,200,3711,2020-04-17 22:01:00,2020-04-17,371
3755,215,196,3344,2020-04-16 21:38:00,2020-04-16,141
3614,208,189,3217,2020-04-15 20:35:00,2020-04-15,328
3286,162,183,2941,2020-04-14 23:37:00,2020-04-14,119
3167,152,177,2838,2020-04-13 21:50:00,2020-04-13,408
2759,108,135,2516,2020-04-12 21:08:00,2020-04-12,139
2620,98,126,2396,2020-04-11 07:00:00,2020-04-11,0
2620,98,126,2396,2020-04-10 22:00:00,2020-04-10,271
2349,80,118,2151,2020-04-09 22:00:00,2020-04-09,238
2111,50,108,1953,2020-04-08 23:00:00,2020-04-08,155
1956,36,98,1822,2020-04-07 23:00:00,2020-04-07,128
1828,33,86,1709,2020-04-06 23:00:00,2020-04-06,83
1745,17,82,1646,2020-04-05 23:00:00,2020-04-05,167
1578,17,77,1484,2020-04-04 23:50:00,2020-04-04,90
1488,16,68,1404,2020-04-03 23:30:00,2020-04-03,108
1380,16,60,1304,2020-04-02 23:30:00,2020-04-02,96
1284,9,57,1218,2020-04-01 23:00:00,2020-04-01,175
1109,5,51,1053,2020-03-31 23:30:00,2020-03-31,208
901,4,42,855,2020-03-30 22:30:00,2020-03-30,42
859,3,39,817,2020-03-29 23:10:00,2020-03-29,140
719,3,28,688,2020-03-28 23:30:00,2020-03-28,138
581,3,20,558,2020-03-27 23:30:00,2020-03-27,93
488,3,10,475,2020-03-26 22:40:00,2020-03-26,96
392,3,10,379,2020-03-25 22:00:00,2020-03-25,80
312,3,6,303,2020-03-24 22:30:00,2020-03-24,67
245,3,3,239,2020-03-23 23:40:00,2020-03-23,43
202,0,3,199,2020-03-22 22:30:00,2020-03-22,90
112,0,3,109,2020-03-21 23:30:00,2020-03-21,40
72,0,2,70,2020-03-20 22:45:00,2020-03-20,38
34,0,2,32,2020-03-19 23:30:00,2020-03-19,0
34,0,2,32,2020-03-18 23:30:00,2020-03-18,13
21,0,1,20,2020-03-17 22:30:00,2020-03-17,0
21,0,1,20,2020-03-16 22:00:00,2020-03-16,10
11,0,0,11,2020-03-15 23:30:00,2020-03-15,0
11,0,0,11,2020-03-14 22:30:00,2020-03-14,6
5,0,0,5,2020-03-13 22:00:00,2020-03-13,0
5,0,0,5,2020-03-12 22:00:00,2020-03-12,0
5,0,0,5,2020-03-11 22:30:00,2020-03-11,0
5,0,0,5,2020-03-10 23:00:00,2020-03-10,0
5,0,0,5,2020-03-09 22:30:00,2020-03-09,0
5,0,0,5,2020-03-08 22:00:00,2020-03-08,3
2,0,0,2,2020-03-07 22:00:00,2020-03-07,0
2,0,0,2,2020-03-06 20:30:00,2020-03-06,1
1,0,0,1,2020-03-05 20:30:00,2020-03-05,0
1,0,0,1,2020-03-04 22:00:00,2020-03-04,0
1,0,0,1,2020-03-03 23:30:00,2020-03-03,0
1,0,0,1,2020-03-02 22:00:00,2020-03-02,0
1,0,0,1,2020-03-01 23:00:00,2020-03-01,1
0,0,0,0,2020-02-29 23:00:00,2020-02-29,0
0,0,0,0,2020-02-28 23:00:00,2020-02-28,0
0,0,0,0,2020-02-27 22:00:00,2020-02-27,0
0,0,0,0,2020-02-26 23:30:00,2020-02-26,0
0,0,0,0,2020-02-25 22:00:00,2020-02-25,0
0,0,0,0,2020-02-24 23:00:00,2020-02-24,0
0,0,0,0,2020-02-23 22:00:00,2020-02-23,0
0,0,0,0,2020-02-22 23:00:00,2020-02-22,0
0,0,0,0,2020-02-21 23:00:00,2020-02-21,0
0,0,0,0,2020-02-20 22:00:00,2020-02-20,0
0,0,0,0,2020-02-19 23:00:00,2020-02-19,0
0,0,0,0,2020-02-18 23:00:00,2020-02-18,0
0,0,0,0,2020-02-17 23:00:00,2020-02-17,0
0,0,0,0,2020-02-16 22:30:00,2020-02-16,0
0,0,0,0,2020-02-15 23:00:00,2020-02-15,0
0,0,0,0,2020-02-14 23:00:00,2020-02-14,0
0,0,0,0,2020-02-13 22:00:00,2020-02-13,0
0,0,0,0,2020-02-12 21:30:00,2020-02-12,0
0,0,0,0,2020-02-11 23:00:00,2020-02-11,0
0,0,0,0,2020-02-10 22:30:00,2020-02-10,0
0,0,0,0,2020-02-09 23:00:00,2020-02-09,0
0,0,0,0,2020-02-08 22:00:00,2020-02-08,0
0,0,0,0,2020-02-07 23:00:00,2020-02-07,0
0,0,0,0,2020-02-06 21:30:00,2020-02-06,0
0,0,0,0,2020-02-05 23:00:00,2020-02-05,0
0,0,0,0,2020-02-04 20:00:00,2020-02-04,0
0,0,0,0,2020-02-03 20:00:00,2020-02-03,0
0,0,0,0,2020-02-02 22:00:00,2020-02-02,0
0,0,0,0,2020-02-01 23:00:00,2020-02-01,0
0,0,0,0,2020-01-31 19:00:00,2020-01-31,0
0,0,0,0,2020-01-30 21:30:00,2020-01-30,0
0,0,0,0,2020-01-29 21:00:00,2020-01-29,0
0,0,0,0,2020-01-28 23:00:00,2020-01-28,0
0,0,0,0,2020-01-27 20:30:00,2020-01-27,0
0,0,0,0,2020-01-26 23:00:00,2020-01-26,0
0,0,0,0,2020-01-25 22:00:00,2020-01-25,0
0,0,0,0,2020-01-24 12:00:00,2020-01-24,0
0,0,0,0,2020-01-23 00:00:00,2020-01-23,0
0,0,0,0,2020-01-22 00:00:00,2020-01-22,0
0,0,0,0,2020-01-21 00:00:00,2020-01-21,0
