Confirmed,Recovered,Deaths,Remaining,Date_last_updated_IST,Date_last_updated,date_day,New
151793,35983,19323,96487,2020-04-19 00:12:00,,2020-04-19,3824
147969,34420,18681,94868,2020-04-18 15:07:00,,2020-04-18,-17058
165027,32812,17920,114295,2020-04-17 22:01:00,,2020-04-17,17164
147863,30955,17167,99741,2020-04-16 21:38:00,,2020-04-16,4560
143303,28805,15729,98769,2020-04-15 20:35:00,,2020-04-15,0
143303,28805,15729,98769,2020-04-14 23:37:00,,2020-04-14,10712
132591,27186,14393,91012,2020-04-13 21:50:00,,2020-04-13,2937
129654,26391,13832,89431,2020-04-12 21:08:00,,2020-04-12,4785
124869,24932,13197,86740,2020-04-11 07:00:00,,2020-04-11,0
124869,24932,13197,86740,2020-04-10 22:00:00,,2020-04-10,7120
117749,23206,12210,82333,2020-04-09 22:00:00,,2020-04-09,4799
112950,21254,10869,80827,2020-04-08 23:00:00,,2020-04-08,3881
109069,19337,10328,79404,2020-04-07 23:00:00,,2020-04-07,11059
98010,17250,8911,71849,2020-04-06 23:00:00,,2020-04-06,5171
92839,16183,8078,68578,2020-04-05 23:00:00,,2020-04-05,2886
89953,15438,7560,66955,2020-04-04 23:50:00,,2020-04-04,25615
64338,14008,6507,43823,2020-04-03 23:30:00,,2020-04-03,5233
59105,12428,5387,41290,2020-04-02 23:30:00,,2020-04-02,2116
56989,10935,4032,42022,2020-04-01 23:00:00,,2020-04-01,4861
52128,9444,3523,39161,2020-03-31 23:30:00,,2020-03-31,7578
44550,7927,3024,33599,2020-03-30 22:30:00,,2020-03-30,4376
40174,7202,2606,30366,2020-03-29 23:10:00,,2020-03-29,2599
37575,5700,2314,29561,2020-03-28 23:30:00,,2020-03-28,4611
32964,5700,1995,25269,2020-03-27 23:30:00,,2020-03-27,3809
29155,4948,1696,22511,2020-03-26 22:40:00,,2020-03-26,3922
25233,3900,1331,20002,2020-03-25 22:00:00,,2020-03-25,2929
22304,3281,1100,17923,2020-03-24 22:30:00,,2020-03-24,2448
19856,2200,860,16796,2020-03-23 23:40:00,,2020-03-23,3838
16018,2200,674,13144,2020-03-22 22:30:00,,2020-03-22,1559
14459,1587,562,12310,2020-03-21 23:30:00,,2020-03-21,1847
12612,1587,450,10575,2020-03-20 22:45:00,,2020-03-20,1617
10995,1295,372,9328,2020-03-19 23:30:00,,2020-03-19,1861
9134,602,264,8268,2020-03-18 23:30:00,,2020-03-18,1404
7730,602,175,6953,2020-03-17 22:30:00,,2020-03-17,1097
6633,12,148,6473,2020-03-16 22:00:00,,2020-03-16,1210
5423,12,127,5284,2020-03-15 23:30:00,,2020-03-15,954
4469,12,91,4366,2020-03-14 22:30:00,,2020-03-14,808
3661,12,79,3570,2020-03-13 22:00:00,,2020-03-13,785
2876,12,61,2803,2020-03-12 22:00:00,,2020-03-12,595
2281,12,48,2221,2020-03-11 22:30:00,,2020-03-11,497
1784,12,33,1739,2020-03-10 23:00:00,,2020-03-10,372
1412,12,30,1370,2020-03-09 22:30:00,,2020-03-09,203
1209,12,19,1178,2020-03-08 22:00:00,,2020-03-08,260
949,12,16,921,2020-03-07 22:00:00,,2020-03-07,296
653,12,9,632,2020-03-06 20:30:00,,2020-03-06,230
423,12,7,404,2020-03-05 20:30:00,,2020-03-05,138
285,12,4,269,2020-03-04 22:00:00,,2020-03-04,73
212,12,4,196,2020-03-03 23:30:00,,2020-03-03,21
191,12,3,176,2020-03-02 22:00:00,,2020-03-02,61
130,12,2,116,2020-03-01 23:00:00,,2020-03-01,30
100,12,2,86,2020-02-29 23:00:00,,2020-02-29,43
57,11,2,44,2020-02-28 23:00:00,,2020-02-28,19
38,11,2,25,2020-02-27 22:00:00,,2020-02-27,20
18,11,2,5,2020-02-26 23:30:00,,2020-02-26,4
14,11,1,2,2020-02-25 22:00:00,,2020-02-25,2
12,11,1,0,2020-02-24 23:00:00,,2020-02-24,0
12,10,1,1,2020-02-23 22:00:00,,2020-02-23,0
12,10,1,1,2020-02-22 23:00:00,,2020-02-22,0
12,7,1,4,2020-02-21 23:00:00,,2020-02-21,0
12,7,1,4,2020-02-20 22:00:00,,2020-02-20,0
12,7,1,4,2020-02-19 23:00:00,,2020-02-19,0
12,7,1,4,2020-02-18 23:00:00,,2020-02-18,0
12,5,1,6,2020-02-17 23:00:00,,2020-02-17,0
12,4,1,7,2020-02-16 22:30:00,,2020-02-16,0
12,4,1,7,2020-02-15 23:00:00,,2020-02-15,1
11,3,0,8,2020-02-14 23:00:00,,2020-02-14,0
11,2,0,9,2020-02-13 22:00:00,,2020-02-13,0
11,0,0,11,2020-02-12 21:30:00,,2020-02-12,0
11,0,0,11,2020-02-11 23:00:00,,2020-02-11,0
11,0,0,11,2020-02-10 22:30:00,,2020-02-10,0
11,0,0,11,2020-02-09 23:00:00,,2020-02-09,0
11,0,0,11,2020-02-08 22:00:00,,2020-02-08,5
6,0,0,6,2020-02-07 23:00:00,,2020-02-07,0
6,0,0,6,2020-02-06 21:30:00,,2020-02-06,0
6,0,0,6,2020-02-05 23:00:00,,2020-02-05,0
6,0,0,6,2020-02-04 20:00:00,,2020-02-04,0
6,0,0,6,2020-02-03 20:00:00,,2020-02-03,0
6,0,0,6,2020-02-02 22:00:00,,2020-02-02,0
6,0,0,6,2020-02-01 23:00:00,,2020-02-01,0
6,0,0,6,2020-01-31 19:00:00,,2020-01-31,1
5,0,0,5,2020-01-30 21:30:00,,2020-01-30,0
5,0,0,5,2020-01-29 21:00:00,,2020-01-29,1
4,0,0,4,2020-01-28 23:00:00,,2020-01-28,1
3,0,0,3,2020-01-27 20:30:00,,2020-01-27,0
3,0,0,3,2020-01-26 23:00:00,,2020-01-26,0
3,0,0,3,2020-01-25 22:00:00,,2020-01-25,1
2,0,0,2,2020-01-24 12:00:00,,2020-01-24,0
