Confirmed,Recovered,Deaths,Remaining,Date_last_updated_IST,Date_last_updated,date_day,New
55,0,0,55,2020-04-16 15:04:00,,2020-04-16,0
55,0,0,55,2020-04-15 20:35:00,,2020-04-15,0
55,0,0,55,2020-04-14 23:37:00,,2020-04-14,2
53,0,0,53,2020-04-13 21:50:00,,2020-04-13,2
51,0,0,51,2020-04-12 21:08:00,,2020-04-12,0
51,0,0,51,2020-04-11 07:00:00,,2020-04-11,0
51,0,0,51,2020-04-10 22:00:00,,2020-04-10,0
51,0,0,51,2020-04-09 22:00:00,,2020-04-09,0
51,0,0,51,2020-04-08 23:00:00,,2020-04-08,4
47,0,0,47,2020-04-07 23:00:00,,2020-04-07,5
42,0,0,42,2020-04-06 23:00:00,,2020-04-06,1
41,0,0,41,2020-04-05 23:00:00,,2020-04-05,1
40,0,0,40,2020-04-04 23:50:00,,2020-04-04,1
39,0,0,39,2020-04-03 23:30:00,,2020-04-03,2
37,0,0,37,2020-04-02 23:30:00,,2020-04-02,0
37,0,0,37,2020-04-01 23:00:00,,2020-04-01,0
37,0,0,37,2020-03-31 23:30:00,,2020-03-31,1
36,0,0,36,2020-03-30 22:30:00,,2020-03-30,6
30,0,0,30,2020-03-29 23:10:00,,2020-03-29,0
30,0,0,30,2020-03-28 23:30:00,,2020-03-28,0
30,0,0,30,2020-03-27 23:30:00,,2020-03-27,0
30,0,0,30,2020-03-26 22:40:00,,2020-03-26,5
25,0,0,25,2020-03-25 22:00:00,,2020-03-25,0
25,0,0,25,2020-03-24 22:30:00,,2020-03-24,7
18,0,0,18,2020-03-23 23:40:00,,2020-03-23,0
18,0,0,18,2020-03-22 22:30:00,,2020-03-22,3
15,0,0,15,2020-03-21 23:30:00,,2020-03-21,4
11,0,0,11,2020-03-20 22:45:00,,2020-03-20,5
6,0,0,6,2020-03-19 23:30:00,,2020-03-19,0
6,0,0,6,2020-03-18 23:30:00,,2020-03-18,3
3,0,0,3,2020-03-17 22:30:00,,2020-03-17,0
3,0,0,3,2020-03-16 22:00:00,,2020-03-16,0
3,0,0,3,2020-03-15 23:30:00,,2020-03-15,0
3,0,0,3,2020-03-14 22:30:00,,2020-03-14,0
3,0,0,3,2020-03-13 22:00:00,,2020-03-13,2
1,0,0,1,2020-03-12 22:00:00,,2020-03-12,0
1,0,0,1,2020-03-11 22:30:00,,2020-03-11,0
