Confirmed,Recovered,Deaths,Remaining,Date_last_updated_IST,Date_last_updated,date_day,New
86,51,0,35,2020-04-14 11:44:00,,2020-04-14,0
86,51,0,35,2020-04-13 21:50:00,,2020-04-13,0
86,51,0,35,2020-04-12 21:08:00,,2020-04-12,3
83,43,0,40,2020-04-11 07:00:00,,2020-04-11,0
83,43,0,40,2020-04-10 22:00:00,,2020-04-10,0
83,43,0,40,2020-04-09 22:00:00,,2020-04-09,0
83,43,0,40,2020-04-08 23:00:00,,2020-04-08,6
77,34,0,43,2020-04-07 23:00:00,,2020-04-07,5
72,34,0,38,2020-04-06 23:00:00,,2020-04-06,4
68,27,0,41,2020-04-05 23:00:00,,2020-04-05,7
61,22,0,39,2020-04-04 23:50:00,,2020-04-04,4
57,22,0,35,2020-04-03 23:30:00,,2020-04-03,6
51,15,0,36,2020-04-02 23:30:00,,2020-04-02,0
51,15,0,36,2020-04-01 23:00:00,,2020-04-01,0
51,15,0,36,2020-03-31 23:30:00,,2020-03-31,8
43,6,0,37,2020-03-30 22:30:00,,2020-03-30,0
43,6,0,37,2020-03-29 23:10:00,,2020-03-29,15
28,6,0,22,2020-03-28 23:30:00,,2020-03-28,0
28,6,0,22,2020-03-27 23:30:00,,2020-03-27,0
28,6,0,22,2020-03-26 22:40:00,,2020-03-26,0
28,6,0,22,2020-03-25 22:00:00,,2020-03-25,5
23,6,0,17,2020-03-24 22:30:00,,2020-03-24,3
20,6,0,14,2020-03-23 23:40:00,,2020-03-23,2
18,0,0,18,2020-03-22 22:30:00,,2020-03-22,0
18,0,0,18,2020-03-21 23:30:00,,2020-03-21,3
15,0,0,15,2020-03-20 22:45:00,,2020-03-20,0
15,0,0,15,2020-03-19 23:30:00,,2020-03-19,0
15,0,0,15,2020-03-18 23:30:00,,2020-03-18,4
11,0,0,11,2020-03-17 22:30:00,,2020-03-17,0
11,0,0,11,2020-03-16 22:00:00,,2020-03-16,4
7,0,0,7,2020-03-15 23:30:00,,2020-03-15,0
7,0,0,7,2020-03-14 22:30:00,,2020-03-14,1
6,0,0,6,2020-03-13 22:00:00,,2020-03-13,0
6,0,0,6,2020-03-12 22:00:00,,2020-03-12,1
5,0,0,5,2020-03-11 22:30:00,,2020-03-11,0
5,0,0,5,2020-03-10 23:00:00,,2020-03-10,0
5,0,0,5,2020-03-09 22:30:00,,2020-03-09,0
5,0,0,5,2020-03-08 22:00:00,,2020-03-08,0
5,0,0,5,2020-03-07 22:00:00,,2020-03-07,0
