Confirmed,Recovered,Deaths,Remaining,Date_last_updated_IST,date_day,New
186933,171600,8853,6480,2020-06-12 23:27:00,2020-06-12,19926
167007,137400,6993,22614,2020-05-06 17:43:00,2020-05-06,3676
163331,126900,6632,29799,2020-05-01 21:43:00,2020-05-01,4563
158768,117400,6136,35232,2020-04-28 20:02:00,2020-04-28,998
157770,114500,5976,37294,2020-04-27 14:50:00,2020-04-27,1257
156513,109800,5877,40836,2020-04-26 15:29:00,2020-04-26,1459
155054,109800,5767,39487,2020-04-25 17:01:00,2020-04-25,1925
153129,106800,5575,40754,2020-04-24 15:23:00,2020-04-24,2400
150729,103300,5315,42114,2020-04-23 16:20:00,2020-04-23,2142
148587,99400,5090,44097,2020-04-22 16:22:00,2020-04-22,1522
147065,95200,4862,47003,2020-04-21 17:14:00,2020-04-21,1322
145743,91500,4642,49601,2020-04-20 16:35:00,2020-04-20,2019
143724,88000,4538,51186,2020-04-19 16:30:00,2020-04-19,2327
141397,85400,4352,51645,2020-04-18 15:07:00,2020-04-18,2941
138456,81800,4193,52463,2020-04-17 22:01:00,2020-04-17,2823
135633,77000,3856,54777,2020-04-16 21:38:00,2020-04-16,3080
132553,72600,3528,56425,2020-04-15 20:35:00,2020-04-15,1383
131170,68200,3272,59698,2020-04-14 23:37:00,2020-04-14,3254
127916,64300,3022,60594,2020-04-13 21:50:00,2020-04-13,2464
125452,57400,2871,65181,2020-04-12 21:08:00,2020-04-12,3281
122171,53913,2736,65522,2020-04-11 07:00:00,2020-04-11,0
122171,53913,2736,65522,2020-04-10 22:00:00,2020-04-10,3936
118235,52407,2607,63221,2020-04-09 22:00:00,2020-04-09,4939
113296,46300,2349,64647,2020-04-08 23:00:00,2020-04-08,5633
107663,36081,2016,69566,2020-04-07 23:00:00,2020-04-07,4288
103375,28700,1810,72865,2020-04-06 23:00:00,2020-04-06,3252
100123,28700,1584,69839,2020-04-05 23:00:00,2020-04-05,4031
96092,26400,1444,68248,2020-04-04 23:50:00,2020-04-04,4933
91159,24575,1275,65309,2020-04-03 23:30:00,2020-04-03,6365
84794,22440,1107,61247,2020-04-02 23:30:00,2020-04-02,6813
77981,18700,931,58350,2020-04-01 23:00:00,2020-04-01,6173
71808,16100,775,54933,2020-03-31 23:30:00,2020-03-31,4923
66885,13500,645,52740,2020-03-30 22:30:00,2020-03-30,4450
62435,9211,541,52683,2020-03-29 23:10:00,2020-03-29,4740
57695,8481,433,48781,2020-03-28 23:30:00,2020-03-28,6824
50871,6658,351,43862,2020-03-27 23:30:00,2020-03-27,6933
43938,5673,267,37998,2020-03-26 22:40:00,2020-03-26,6615
37323,3547,206,33570,2020-03-25 22:00:00,2020-03-25,4332
32991,3290,159,29542,2020-03-24 22:30:00,2020-03-24,3935
29056,453,123,28480,2020-03-23 23:40:00,2020-03-23,4183
24873,266,94,24513,2020-03-22 22:30:00,2020-03-22,2509
22364,209,84,22071,2020-03-21 23:30:00,2020-03-21,2516
19848,180,68,19600,2020-03-20 22:45:00,2020-03-20,4528
15320,115,44,15161,2020-03-19 23:30:00,2020-03-19,2993
12327,105,28,12194,2020-03-18 23:30:00,2020-03-18,2960
9367,67,26,9274,2020-03-17 22:30:00,2020-03-17,2095
7272,67,17,7188,2020-03-16 22:00:00,2020-03-16,1459
5813,46,13,5754,2020-03-15 23:30:00,2020-03-15,1214
4599,46,9,4544,2020-03-14 22:30:00,2020-03-14,924
3675,46,8,3621,2020-03-13 22:00:00,2020-03-13,930
2745,25,6,2714,2020-03-12 22:00:00,2020-03-12,779
1966,25,3,1938,2020-03-11 22:30:00,2020-03-11,401
1565,18,2,1545,2020-03-10 23:00:00,2020-03-10,341
1224,18,2,1204,2020-03-09 22:30:00,2020-03-09,184
1040,18,0,1022,2020-03-08 22:00:00,2020-03-08,240
800,18,0,782,2020-03-07 22:00:00,2020-03-07,130
670,17,0,653,2020-03-06 20:30:00,2020-03-06,125
545,17,0,528,2020-03-05 20:30:00,2020-03-05,283
262,16,0,246,2020-03-04 22:00:00,2020-03-04,59
203,16,0,187,2020-03-03 23:30:00,2020-03-03,38
165,16,0,149,2020-03-02 22:00:00,2020-03-02,35
130,16,0,114,2020-03-01 23:00:00,2020-03-01,51
79,16,0,63,2020-02-29 23:00:00,2020-02-29,19
60,16,0,44,2020-02-28 23:00:00,2020-02-28,11
49,16,0,33,2020-02-27 22:00:00,2020-02-27,22
27,15,0,12,2020-02-26 23:30:00,2020-02-26,9
18,15,0,3,2020-02-25 22:00:00,2020-02-25,2
16,14,0,2,2020-02-24 23:00:00,2020-02-24,0
16,14,0,2,2020-02-23 22:00:00,2020-02-23,0
16,14,0,2,2020-02-22 23:00:00,2020-02-22,0
16,14,0,2,2020-02-21 23:00:00,2020-02-21,0
16,13,0,3,2020-02-20 22:00:00,2020-02-20,0
16,9,0,7,2020-02-19 23:00:00,2020-02-19,0
16,9,0,7,2020-02-18 23:00:00,2020-02-18,0
16,7,0,9,2020-02-17 23:00:00,2020-02-17,0
16,3,0,13,2020-02-16 22:30:00,2020-02-16,0
16,3,0,13,2020-02-15 23:00:00,2020-02-15,0
16,1,0,15,2020-02-14 23:00:00,2020-02-14,0
16,1,0,15,2020-02-13 22:00:00,2020-02-13,0
16,0,0,16,2020-02-12 21:30:00,2020-02-12,0
16,0,0,16,2020-02-11 23:00:00,2020-02-11,2
14,0,0,14,2020-02-10 22:30:00,2020-02-10,0
14,0,0,14,2020-02-09 23:00:00,2020-02-09,0
14,0,0,14,2020-02-08 22:00:00,2020-02-08,0
14,0,0,14,2020-02-07 23:00:00,2020-02-07,1
13,0,0,13,2020-02-06 21:30:00,2020-02-06,1
12,0,0,12,2020-02-05 23:00:00,2020-02-05,0
12,0,0,12,2020-02-04 20:00:00,2020-02-04,0
12,0,0,12,2020-02-03 20:00:00,2020-02-03,2
10,0,0,10,2020-02-02 22:00:00,2020-02-02,2
8,0,0,8,2020-02-01 23:00:00,2020-02-01,1
7,0,0,7,2020-01-31 19:00:00,2020-01-31,3
4,0,0,4,2020-01-30 21:30:00,2020-01-30,0
4,0,0,4,2020-01-29 21:00:00,2020-01-29,0
4,0,0,4,2020-01-28 23:00:00,2020-01-28,3
1,0,0,1,2020-01-27 20:30:00,2020-01-27,1
0,0,0,0,2020-01-26 23:00:00,2020-01-26,0
0,0,0,0,2020-01-25 22:00:00,2020-01-25,0
0,0,0,0,2020-01-24 12:00:00,2020-01-24,0
0,0,0,0,2020-01-23 00:00:00,2020-01-23,0
0,0,0,0,2020-01-22 00:00:00,2020-01-22,0
0,0,0,0,2020-01-21 00:00:00,2020-01-21,0
