Confirmed,Recovered,Deaths,Remaining,Date_last_updated_IST,date_day,New
3108,1374,183,1551,2020-06-12 23:27:00,2020-06-12,466
2642,1374,146,1122,2020-05-06 17:43:00,2020-05-06,30
2612,1374,140,1098,2020-05-01 21:43:00,2020-05-01,78
2534,577,136,1821,2020-04-28 20:02:00,2020-04-28,17
2517,577,134,1806,2020-04-27 14:50:00,2020-04-27,11
2506,577,130,1799,2020-04-26 15:29:00,2020-04-26,16
2490,577,130,1783,2020-04-25 17:01:00,2020-04-25,27
2463,577,127,1759,2020-04-24 15:23:00,2020-04-24,55
2408,577,121,1710,2020-04-23 16:20:00,2020-04-23,7
2401,577,121,1703,2020-04-22 16:22:00,2020-04-22,156
2245,577,116,1552,2020-04-21 17:14:00,2020-04-21,10
2235,269,113,1853,2020-04-20 16:35:00,2020-04-20,0
2235,269,110,1856,2020-04-19 16:30:00,2020-04-19,11
2224,269,108,1847,2020-04-18 15:07:00,2020-04-18,0
2224,269,108,1847,2020-04-17 22:01:00,2020-04-17,17
2207,269,105,1833,2020-04-16 21:38:00,2020-04-16,37
2170,269,101,1800,2020-04-15 20:35:00,2020-04-15,0
2170,269,101,1800,2020-04-14 23:37:00,2020-04-14,25
2145,269,99,1777,2020-04-13 21:50:00,2020-04-13,64
2081,269,93,1719,2020-04-12 21:08:00,2020-04-12,70
2011,269,92,1650,2020-04-11 07:00:00,2020-04-11,0
2011,269,92,1650,2020-04-10 22:00:00,2020-04-10,56
1955,269,87,1599,2020-04-09 22:00:00,2020-04-09,71
1884,269,83,1532,2020-04-08 23:00:00,2020-04-08,52
1832,269,81,1482,2020-04-07 23:00:00,2020-04-07,77
1755,269,79,1407,2020-04-06 23:00:00,2020-04-06,20
1735,78,73,1584,2020-04-05 23:00:00,2020-04-05,62
1673,78,68,1527,2020-04-04 23:50:00,2020-04-04,60
1613,78,63,1472,2020-04-03 23:30:00,2020-04-03,69
1544,61,53,1430,2020-04-02 23:30:00,2020-04-02,129
1415,52,51,1312,2020-04-01 23:00:00,2020-04-01,101
1314,52,49,1213,2020-03-31 23:30:00,2020-03-31,102
1212,52,46,1114,2020-03-30 22:30:00,2020-03-30,56
1156,52,39,1065,2020-03-29 23:10:00,2020-03-29,95
1061,52,32,977,2020-03-28 23:30:00,2020-03-28,95
966,52,28,886,2020-03-27 23:30:00,2020-03-27,74
892,36,27,829,2020-03-26 22:40:00,2020-03-26,71
821,36,22,763,2020-03-25 22:00:00,2020-03-25,78
743,29,20,694,2020-03-24 22:30:00,2020-03-24,48
695,29,17,649,2020-03-23 23:40:00,2020-03-23,71
624,19,15,590,2020-03-22 22:30:00,2020-03-22,94
530,19,13,498,2020-03-21 23:30:00,2020-03-21,35
495,19,10,466,2020-03-20 22:45:00,2020-03-20,31
464,19,6,439,2020-03-19 23:30:00,2020-03-19,46
418,14,5,399,2020-03-18 23:30:00,2020-03-18,31
387,14,5,368,2020-03-17 22:30:00,2020-03-17,35
352,8,4,340,2020-03-16 22:00:00,2020-03-16,21
331,8,4,319,2020-03-15 23:30:00,2020-03-15,103
228,8,3,217,2020-03-14 22:30:00,2020-03-14,38
190,2,1,187,2020-03-13 22:00:00,2020-03-13,73
117,0,1,116,2020-03-12 22:00:00,2020-03-12,18
99,0,0,99,2020-03-11 22:30:00,2020-03-11,10
89,0,0,89,2020-03-10 23:00:00,2020-03-10,5
84,0,0,84,2020-03-09 22:30:00,2020-03-09,11
73,0,0,73,2020-03-08 22:00:00,2020-03-08,7
66,0,0,66,2020-03-07 22:00:00,2020-03-07,21
45,0,0,45,2020-03-06 20:30:00,2020-03-06,14
31,0,0,31,2020-03-05 20:30:00,2020-03-05,22
9,0,0,9,2020-03-04 22:00:00,2020-03-04,2
7,0,0,7,2020-03-03 23:30:00,2020-03-03,0
7,0,0,7,2020-03-02 22:00:00,2020-03-02,0
7,0,0,7,2020-03-01 23:00:00,2020-03-01,0
7,0,0,7,2020-02-29 23:00:00,2020-02-29,3
4,0,0,4,2020-02-28 23:00:00,2020-02-28,1
3,0,0,3,2020-02-27 22:00:00,2020-02-27,2
1,0,0,1,2020-02-26 23:30:00,2020-02-26,1
0,0,0,0,2020-02-25 22:00:00,2020-02-25,0
0,0,0,0,2020-02-24 23:00:00,2020-02-24,0
0,0,0,0,2020-02-23 22:00:00,2020-02-23,0
0,0,0,0,2020-02-22 23:00:00,2020-02-22,0
0,0,0,0,2020-02-21 23:00:00,2020-02-21,0
0,0,0,0,2020-02-20 22:00:00,2020-02-20,0
0,0,0,0,2020-02-19 23:00:00,2020-02-19,0
0,0,0,0,2020-02-18 23:00:00,2020-02-18,0
0,0,0,0,2020-02-17 23:00:00,2020-02-17,0
0,0,0,0,2020-02-16 22:30:00,2020-02-16,0
0,0,0,0,2020-02-15 23:00:00,2020-02-15,0
0,0,0,0,2020-02-14 23:00:00,2020-02-14,0
0,0,0,0,2020-02-13 22:00:00,2020-02-13,0
0,0,0,0,2020-02-12 21:30:00,2020-02-12,0
0,0,0,0,2020-02-11 23:00:00,2020-02-11,0
0,0,0,0,2020-02-10 22:30:00,2020-02-10,0
0,0,0,0,2020-02-09 23:00:00,2020-02-09,0
0,0,0,0,2020-02-08 22:00:00,2020-02-08,0
0,0,0,0,2020-02-07 23:00:00,2020-02-07,0
0,0,0,0,2020-02-06 21:30:00,2020-02-06,0
0,0,0,0,2020-02-05 23:00:00,2020-02-05,0
0,0,0,0,2020-02-04 20:00:00,2020-02-04,0
0,0,0,0,2020-02-03 20:00:00,2020-02-03,0
0,0,0,0,2020-02-02 22:00:00,2020-02-02,0
0,0,0,0,2020-02-01 23:00:00,2020-02-01,0
0,0,0,0,2020-01-31 19:00:00,2020-01-31,0
0,0,0,0,2020-01-30 21:30:00,2020-01-30,0
0,0,0,0,2020-01-29 21:00:00,2020-01-29,0
0,0,0,0,2020-01-28 23:00:00,2020-01-28,0
0,0,0,0,2020-01-27 20:30:00,2020-01-27,0
0,0,0,0,2020-01-26 23:00:00,2020-01-26,0
0,0,0,0,2020-01-25 22:00:00,2020-01-25,0
0,0,0,0,2020-01-24 12:00:00,2020-01-24,0
0,0,0,0,2020-01-23 00:00:00,2020-01-23,0
0,0,0,0,2020-01-22 00:00:00,2020-01-22,0
0,0,0,0,2020-01-21 00:00:00,2020-01-21,0
