Confirmed,Recovered,Deaths,Remaining,Date_last_updated_IST,date_day,New
4053,2447,555,1051,2020-06-12 23:27:00,2020-06-12,942
3111,759,373,1979,2020-05-06 17:43:00,2020-05-06,248
2863,609,323,1931,2020-05-01 21:43:00,2020-05-01,214
2649,516,291,1842,2020-04-28 20:02:00,2020-04-28,66
2583,498,280,1805,2020-04-27 14:50:00,2020-04-27,83
2500,485,272,1743,2020-04-26 15:29:00,2020-04-26,57
2443,458,262,1723,2020-04-25 17:01:00,2020-04-25,60
2383,401,250,1732,2020-04-24 15:23:00,2020-04-24,99
2284,390,239,1655,2020-04-23 16:20:00,2020-04-23,116
2168,295,225,1648,2020-04-22 16:22:00,2020-04-22,70
2098,287,213,1598,2020-04-21 17:14:00,2020-04-21,114
1984,267,199,1518,2020-04-20 16:35:00,2020-04-20,68
1916,250,189,1477,2020-04-19 16:30:00,2020-04-19,82
1834,231,172,1431,2020-04-18 15:07:00,2020-04-18,71
1763,207,156,1400,2020-04-17 22:01:00,2020-04-17,111
1652,199,142,1311,2020-04-16 21:38:00,2020-04-16,73
1579,192,134,1253,2020-04-15 20:35:00,2020-04-15,67
1512,122,122,1268,2020-04-14 23:37:00,2020-04-14,54
1458,120,109,1229,2020-04-13 21:50:00,2020-04-13,48
1410,118,99,1193,2020-04-12 21:08:00,2020-04-12,100
1310,115,85,1110,2020-04-11 07:00:00,2020-04-11,120
1190,112,77,1001,2020-04-10 22:00:00,2020-04-10,210
980,96,66,818,2020-04-09 22:00:00,2020-04-09,85
895,94,58,743,2020-04-08 23:00:00,2020-04-08,78
817,71,47,699,2020-04-07 23:00:00,2020-04-07,73
744,67,38,639,2020-04-06 23:00:00,2020-04-06,11
733,66,34,633,2020-04-05 23:00:00,2020-04-05,55
678,58,32,588,2020-04-04 23:50:00,2020-04-04,55
623,43,26,554,2020-04-03 23:30:00,2020-04-03,38
585,42,21,522,2020-04-02 23:30:00,2020-04-02,60
525,40,20,465,2020-04-01 23:00:00,2020-04-01,33
492,37,16,439,2020-03-31 23:30:00,2020-03-31,45
447,34,15,398,2020-03-30 22:30:00,2020-03-30,39
408,34,13,361,2020-03-29 23:10:00,2020-03-29,65
343,34,11,298,2020-03-28 23:30:00,2020-03-28,43
300,34,10,256,2020-03-27 23:30:00,2020-03-27,39
261,28,10,223,2020-03-26 22:40:00,2020-03-26,35
226,21,10,195,2020-03-25 22:00:00,2020-03-25,39
187,21,9,157,2020-03-24 22:30:00,2020-03-24,20
167,21,8,138,2020-03-23 23:40:00,2020-03-23,36
131,16,6,109,2020-03-22 22:30:00,2020-03-22,28
103,7,4,92,2020-03-21 23:30:00,2020-03-21,18
85,7,4,74,2020-03-20 22:45:00,2020-03-20,12
73,2,1,70,2020-03-19 23:30:00,2020-03-19,15
58,2,1,55,2020-03-18 23:30:00,2020-03-18,8
50,2,1,47,2020-03-17 22:30:00,2020-03-17,11
39,2,1,36,2020-03-16 22:00:00,2020-03-16,7
32,1,1,30,2020-03-15 23:30:00,2020-03-15,2
30,1,0,29,2020-03-14 22:30:00,2020-03-14,11
19,0,0,19,2020-03-13 22:00:00,2020-03-13,3
16,0,0,16,2020-03-12 22:00:00,2020-03-12,3
13,0,0,13,2020-03-11 22:30:00,2020-03-11,1
12,0,0,12,2020-03-10 23:00:00,2020-03-10,3
9,0,0,9,2020-03-09 22:30:00,2020-03-09,2
7,0,0,7,2020-03-08 22:00:00,2020-03-08,2
5,0,0,5,2020-03-07 22:00:00,2020-03-07,1
4,0,0,4,2020-03-06 20:30:00,2020-03-06,0
4,0,0,4,2020-03-05 20:30:00,2020-03-05,2
2,0,0,2,2020-03-04 22:00:00,2020-03-04,2
0,0,0,0,2020-03-03 23:30:00,2020-03-03,0
0,0,0,0,2020-03-02 22:00:00,2020-03-02,0
0,0,0,0,2020-03-01 23:00:00,2020-03-01,0
0,0,0,0,2020-02-29 23:00:00,2020-02-29,0
0,0,0,0,2020-02-28 23:00:00,2020-02-28,0
0,0,0,0,2020-02-27 22:00:00,2020-02-27,0
0,0,0,0,2020-02-26 23:30:00,2020-02-26,0
0,0,0,0,2020-02-25 22:00:00,2020-02-25,0
0,0,0,0,2020-02-24 23:00:00,2020-02-24,0
0,0,0,0,2020-02-23 22:00:00,2020-02-23,0
0,0,0,0,2020-02-22 23:00:00,2020-02-22,0
0,0,0,0,2020-02-21 23:00:00,2020-02-21,0
0,0,0,0,2020-02-20 22:00:00,2020-02-20,0
0,0,0,0,2020-02-19 23:00:00,2020-02-19,0
0,0,0,0,2020-02-18 23:00:00,2020-02-18,0
0,0,0,0,2020-02-17 23:00:00,2020-02-17,0
0,0,0,0,2020-02-16 22:30:00,2020-02-16,0
0,0,0,0,2020-02-15 23:00:00,2020-02-15,0
0,0,0,0,2020-02-14 23:00:00,2020-02-14,0
0,0,0,0,2020-02-13 22:00:00,2020-02-13,0
0,0,0,0,2020-02-12 21:30:00,2020-02-12,0
0,0,0,0,2020-02-11 23:00:00,2020-02-11,0
0,0,0,0,2020-02-10 22:30:00,2020-02-10,0
0,0,0,0,2020-02-09 23:00:00,2020-02-09,0
0,0,0,0,2020-02-08 22:00:00,2020-02-08,0
0,0,0,0,2020-02-07 23:00:00,2020-02-07,0
0,0,0,0,2020-02-06 21:30:00,2020-02-06,0
0,0,0,0,2020-02-05 23:00:00,2020-02-05,0
0,0,0,0,2020-02-04 20:00:00,2020-02-04,0
0,0,0,0,2020-02-03 20:00:00,2020-02-03,0
0,0,0,0,2020-02-02 22:00:00,2020-02-02,0
0,0,0,0,2020-02-01 23:00:00,2020-02-01,0
0,0,0,0,2020-01-31 19:00:00,2020-01-31,0
0,0,0,0,2020-01-30 21:30:00,2020-01-30,0
0,0,0,0,2020-01-29 21:00:00,2020-01-29,0
0,0,0,0,2020-01-28 23:00:00,2020-01-28,0
0,0,0,0,2020-01-27 20:30:00,2020-01-27,0
0,0,0,0,2020-01-26 23:00:00,2020-01-26,0
0,0,0,0,2020-01-25 22:00:00,2020-01-25,0
0,0,0,0,2020-01-24 12:00:00,2020-01-24,0
0,0,0,0,2020-01-23 00:00:00,2020-01-23,0
0,0,0,0,2020-01-22 00:00:00,2020-01-22,0
0,0,0,0,2020-01-21 00:00:00,2020-01-21,0
