Confirmed,Recovered,Deaths,Remaining,Date_last_updated_IST,date_day,New
6760,747,590,5423,2020-04-20 16:35:00,2020-04-20,185
6575,686,582,5307,2020-04-19 16:30:00,2020-04-19,327
6248,631,535,5082,2020-04-18 15:07:00,2020-04-18,325
5923,607,520,4796,2020-04-17 22:01:00,2020-04-17,407
5516,548,496,4472,2020-04-16 21:38:00,2020-04-16,380
5136,446,469,4221,2020-04-15 20:35:00,2020-04-15,297
4839,426,459,3954,2020-04-14 23:37:00,2020-04-14,282
4557,380,399,3778,2020-04-13 21:50:00,2020-04-13,316
4241,359,373,3509,2020-04-12 21:08:00,2020-04-12,399
3842,286,327,3229,2020-04-11 07:00:00,2020-04-11,330
3512,282,306,2924,2020-04-10 22:00:00,2020-04-10,219
3293,252,280,2761,2020-04-09 22:00:00,2020-04-09,337
2956,222,240,2494,2020-04-08 23:00:00,2020-04-08,218
2738,204,221,2313,2020-04-07 23:00:00,2020-04-07,247
2491,192,209,2090,2020-04-06 23:00:00,2020-04-06,218
2273,164,198,1911,2020-04-05 23:00:00,2020-04-05,181
2092,150,191,1751,2020-04-04 23:50:00,2020-04-04,106
1986,134,181,1671,2020-04-03 23:30:00,2020-04-03,196
1790,112,170,1508,2020-04-02 23:30:00,2020-04-02,113
1677,103,157,1417,2020-04-01 23:00:00,2020-04-01,149
1528,81,136,1311,2020-03-31 23:30:00,2020-03-31,114
1414,75,122,1217,2020-03-30 22:30:00,2020-03-30,129
1285,64,114,1107,2020-03-29 23:10:00,2020-03-29,130
1155,59,102,994,2020-03-28 23:30:00,2020-03-28,109
1046,46,87,913,2020-03-27 23:30:00,2020-03-27,153
893,35,78,780,2020-03-26 22:40:00,2020-03-26,103
790,31,58,701,2020-03-25 22:00:00,2020-03-25,104
686,30,55,601,2020-03-24 22:30:00,2020-03-24,107
579,30,49,500,2020-03-23 23:40:00,2020-03-23,65
514,29,48,437,2020-03-22 22:30:00,2020-03-22,64
450,20,38,392,2020-03-21 23:30:00,2020-03-21,81
369,17,32,320,2020-03-20 22:45:00,2020-03-20,60
309,15,25,269,2020-03-19 23:30:00,2020-03-19,82
227,11,19,197,2020-03-18 23:30:00,2020-03-18,55
172,9,7,156,2020-03-17 22:30:00,2020-03-17,38
134,8,5,121,2020-03-16 22:00:00,2020-03-16,17
117,8,5,104,2020-03-15 23:30:00,2020-03-15,21
96,8,5,83,2020-03-14 22:30:00,2020-03-14,27
69,5,4,60,2020-03-13 22:00:00,2020-03-13,35
34,3,1,30,2020-03-12 22:00:00,2020-03-12,0
34,2,1,31,2020-03-11 22:30:00,2020-03-11,7
27,2,0,25,2020-03-10 23:00:00,2020-03-10,8
19,0,0,19,2020-03-09 22:30:00,2020-03-09,13
6,0,0,6,2020-03-08 22:00:00,2020-03-08,2
4,0,0,4,2020-03-07 22:00:00,2020-03-07,0
4,0,0,4,2020-03-06 20:30:00,2020-03-06,2
2,0,0,2,2020-03-05 20:30:00,2020-03-05,0
2,0,0,2,2020-03-04 22:00:00,2020-03-04,0
2,0,0,2,2020-03-03 23:30:00,2020-03-03,0
2,0,0,2,2020-03-02 22:00:00,2020-03-02,2
0,0,0,0,2020-03-01 23:00:00,2020-03-01,0
0,0,0,0,2020-02-29 23:00:00,2020-02-29,0
0,0,0,0,2020-02-28 23:00:00,2020-02-28,0
0,0,0,0,2020-02-27 22:00:00,2020-02-27,0
0,0,0,0,2020-02-26 23:30:00,2020-02-26,0
0,0,0,0,2020-02-25 22:00:00,2020-02-25,0
0,0,0,0,2020-02-24 23:00:00,2020-02-24,0
0,0,0,0,2020-02-23 22:00:00,2020-02-23,0
0,0,0,0,2020-02-22 23:00:00,2020-02-22,0
0,0,0,0,2020-02-21 23:00:00,2020-02-21,0
0,0,0,0,2020-02-20 22:00:00,2020-02-20,0
0,0,0,0,2020-02-19 23:00:00,2020-02-19,0
0,0,0,0,2020-02-18 23:00:00,2020-02-18,0
0,0,0,0,2020-02-17 23:00:00,2020-02-17,0
0,0,0,0,2020-02-16 22:30:00,2020-02-16,0
0,0,0,0,2020-02-15 23:00:00,2020-02-15,0
0,0,0,0,2020-02-14 23:00:00,2020-02-14,0
0,0,0,0,2020-02-13 22:00:00,2020-02-13,0
0,0,0,0,2020-02-12 21:30:00,2020-02-12,0
0,0,0,0,2020-02-11 23:00:00,2020-02-11,0
0,0,0,0,2020-02-10 22:30:00,2020-02-10,0
0,0,0,0,2020-02-09 23:00:00,2020-02-09,0
0,0,0,0,2020-02-08 22:00:00,2020-02-08,0
0,0,0,0,2020-02-07 23:00:00,2020-02-07,0
0,0,0,0,2020-02-06 21:30:00,2020-02-06,0
0,0,0,0,2020-02-05 23:00:00,2020-02-05,0
0,0,0,0,2020-02-04 20:00:00,2020-02-04,0
0,0,0,0,2020-02-03 20:00:00,2020-02-03,0
0,0,0,0,2020-02-02 22:00:00,2020-02-02,0
0,0,0,0,2020-02-01 23:00:00,2020-02-01,0
0,0,0,0,2020-01-31 19:00:00,2020-01-31,0
0,0,0,0,2020-01-30 21:30:00,2020-01-30,0
0,0,0,0,2020-01-29 21:00:00,2020-01-29,0
0,0,0,0,2020-01-28 23:00:00,2020-01-28,0
0,0,0,0,2020-01-27 20:30:00,2020-01-27,0
0,0,0,0,2020-01-26 23:00:00,2020-01-26,0
0,0,0,0,2020-01-25 22:00:00,2020-01-25,0
0,0,0,0,2020-01-24 12:00:00,2020-01-24,0
0,0,0,0,2020-01-23 00:00:00,2020-01-23,0
0,0,0,0,2020-01-22 00:00:00,2020-01-22,0
0,0,0,0,2020-01-21 00:00:00,2020-01-21,0
