Confirmed,Recovered,Deaths,Remaining,Date_last_updated_IST,date_day,New
18004,16034,933,1037,2020-06-12 23:27:00,2020-06-12,2039
15965,5141,569,10255,2020-05-06 17:43:00,2020-05-06,1165
14800,3105,443,11252,2020-05-01 21:43:00,2020-05-01,474
14326,2544,398,11384,2020-04-28 20:02:00,2020-04-28,173
14153,2454,385,11314,2020-04-27 14:50:00,2020-04-27,210
13943,2301,373,11269,2020-04-26 15:29:00,2020-04-26,402
13541,2175,358,11008,2020-04-25 17:01:00,2020-04-25,461
13080,2139,341,10600,2020-04-24 15:23:00,2020-04-24,418
12662,2069,312,10281,2020-04-23 16:20:00,2020-04-23,438
12224,2000,294,9930,2020-04-22 16:22:00,2020-04-22,377
11847,1883,276,9688,2020-04-21 17:14:00,2020-04-21,338
11509,1803,249,9457,2020-04-20 16:35:00,2020-04-20,501
11008,1713,235,9060,2020-04-19 16:30:00,2020-04-19,509
10499,1579,203,8717,2020-04-18 15:07:00,2020-04-18,556
9943,1579,203,8161,2020-04-17 22:01:00,2020-04-17,605
9338,1545,190,7603,2020-04-16 21:38:00,2020-04-16,526
8812,1492,158,7162,2020-04-15 20:35:00,2020-04-15,455
8357,1438,155,6764,2020-04-14 23:37:00,2020-04-14,275
8082,1403,134,6545,2020-04-13 21:50:00,2020-04-13,622
7460,1381,119,5960,2020-04-12 21:08:00,2020-04-12,743
6717,1381,110,5226,2020-04-11 07:00:00,2020-04-11,0
6717,1304,110,5303,2020-04-10 22:00:00,2020-04-10,1026
5691,1304,110,4277,2020-04-09 22:00:00,2020-04-09,312
5379,1251,105,4023,2020-04-08 23:00:00,2020-04-08,410
4969,1241,104,3624,2020-04-07 23:00:00,2020-04-07,351
4618,1211,103,3304,2020-04-06 23:00:00,2020-04-06,252
4366,1194,96,3076,2020-04-05 23:00:00,2020-04-05,515
3851,1133,88,2630,2020-04-04 23:50:00,2020-04-04,204
3647,1133,80,2434,2020-04-03 23:30:00,2020-04-03,318
3329,1091,74,2164,2020-04-02 23:30:00,2020-04-02,233
3096,1091,68,1937,2020-04-01 23:00:00,2020-04-01,155
2941,1027,77,1837,2020-03-31 23:30:00,2020-03-31,276
2665,1027,66,1572,2020-03-30 22:30:00,2020-03-30,87
2578,1027,64,1487,2020-03-29 23:10:00,2020-03-29,173
2405,1001,62,1342,2020-03-28 23:30:00,2020-03-28,194
2211,969,59,1183,2020-03-27 23:30:00,2020-03-27,112
2099,956,57,1086,2020-03-26 22:40:00,2020-03-26,80
2019,897,55,1067,2020-03-25 22:00:00,2020-03-25,114
1905,872,53,980,2020-03-24 22:30:00,2020-03-24,65
1840,802,50,988,2020-03-23 23:40:00,2020-03-23,27
1813,802,49,962,2020-03-22 22:30:00,2020-03-22,47
1766,782,44,940,2020-03-21 23:30:00,2020-03-21,47
1719,782,43,894,2020-03-20 22:45:00,2020-03-20,64
1655,718,40,897,2020-03-19 23:30:00,2020-03-19,20
1635,718,39,878,2020-03-18 23:30:00,2020-03-18,41
1594,600,36,958,2020-03-17 22:30:00,2020-03-17,65
1529,600,35,894,2020-03-16 22:00:00,2020-03-16,-6
1535,600,31,904,2020-03-15 23:30:00,2020-03-15,35
1500,600,29,871,2020-03-14 22:30:00,2020-03-14,70
1430,443,28,959,2020-03-13 22:00:00,2020-03-13,43
1387,443,26,918,2020-03-12 22:00:00,2020-03-12,52
1335,443,22,870,2020-03-11 22:30:00,2020-03-11,52
1283,427,19,837,2020-03-10 23:00:00,2020-03-10,57
1226,346,16,864,2020-03-09 22:30:00,2020-03-09,28
1198,321,14,863,2020-03-08 22:00:00,2020-03-08,41
1157,288,12,857,2020-03-07 22:00:00,2020-03-07,41
1116,258,12,846,2020-03-06 20:30:00,2020-03-06,56
1060,255,12,793,2020-03-05 20:30:00,2020-03-05,33
1027,255,12,760,2020-03-04 22:00:00,2020-03-04,38
989,143,12,834,2020-03-03 23:30:00,2020-03-03,19
970,142,12,816,2020-03-02 22:00:00,2020-03-02,18
952,52,12,888,2020-03-01 23:00:00,2020-03-01,15
937,42,12,883,2020-02-29 23:00:00,2020-02-29,7
930,42,11,877,2020-02-28 23:00:00,2020-02-28,20
910,42,8,860,2020-02-27 22:00:00,2020-02-27,25
885,42,7,836,2020-02-26 23:30:00,2020-02-26,33
852,33,5,814,2020-02-25 22:00:00,2020-02-25,2
850,26,5,819,2020-02-24 23:00:00,2020-02-24,13
837,26,4,807,2020-02-23 22:00:00,2020-02-23,68
769,25,3,741,2020-02-22 23:00:00,2020-02-22,25
744,25,3,716,2020-02-21 23:00:00,2020-02-21,16
728,23,3,702,2020-02-20 22:00:00,2020-02-20,22
706,23,3,680,2020-02-19 23:00:00,2020-02-19,88
618,23,1,594,2020-02-18 23:00:00,2020-02-18,98
520,21,1,498,2020-02-17 23:00:00,2020-02-17,103
417,17,1,399,2020-02-16 22:30:00,2020-02-16,9
408,12,1,395,2020-02-15 23:00:00,2020-02-15,149
259,11,1,247,2020-02-14 23:00:00,2020-02-14,7
252,10,1,241,2020-02-13 22:00:00,2020-02-13,49
203,9,0,194,2020-02-12 21:30:00,2020-02-12,1
202,9,0,193,2020-02-11 23:00:00,2020-02-11,41
161,9,0,152,2020-02-10 22:30:00,2020-02-10,65
96,4,0,92,2020-02-09 23:00:00,2020-02-09,7
89,4,0,85,2020-02-08 22:00:00,2020-02-08,0
89,4,0,85,2020-02-07 23:00:00,2020-02-07,3
86,1,0,85,2020-02-06 21:30:00,2020-02-06,51
35,1,0,34,2020-02-05 19:00:00,2020-02-05,13
22,1,0,21,2020-02-04 20:00:00,2020-02-04,2
20,1,0,19,2020-02-03 20:00:00,2020-02-03,0
20,1,0,19,2020-02-02 22:00:00,2020-02-02,0
20,1,0,19,2020-02-01 23:00:00,2020-02-01,3
17,1,0,16,2020-01-31 19:00:00,2020-01-31,6
11,1,0,10,2020-01-30 21:30:00,2020-01-30,0
11,1,0,10,2020-01-29 21:00:00,2020-01-29,4
7,1,0,6,2020-01-28 23:00:00,2020-01-28,3
4,1,0,3,2020-01-27 20:30:00,2020-01-27,0
4,1,0,3,2020-01-26 23:00:00,2020-01-26,2
2,0,0,2,2020-01-25 22:00:00,2020-01-25,0
2,0,0,2,2020-01-24 12:00:00,2020-01-24,0
2,0,0,2,2020-01-23 00:00:00,2020-01-23,0
2,0,0,2,2020-01-22 00:00:00,2020-01-22,1
1,0,0,1,2020-01-21 00:00:00,2020-01-21,0
