Confirmed,Recovered,Deaths,Remaining,Date_last_updated_IST,date_day,New
682,108,22,552,2020-04-22 16:22:00,2020-04-22,5
677,103,21,553,2020-04-21 17:14:00,2020-04-21,4
673,102,21,550,2020-04-20 16:35:00,2020-04-20,0
673,99,21,553,2020-04-19 16:30:00,2020-04-19,1
672,94,21,557,2020-04-18 15:07:00,2020-04-18,4
668,86,21,561,2020-04-17 22:01:00,2020-04-17,5
663,85,21,557,2020-04-16 21:38:00,2020-04-16,5
658,81,21,556,2020-04-15 20:35:00,2020-04-15,17
641,80,21,540,2020-04-14 23:37:00,2020-04-14,9
632,80,20,532,2020-04-13 21:50:00,2020-04-13,13
619,77,20,522,2020-04-12 21:08:00,2020-04-12,0
619,76,20,523,2020-04-11 07:00:00,2020-04-11,10
609,76,20,513,2020-04-10 22:00:00,2020-04-10,27
582,67,19,496,2020-04-09 22:00:00,2020-04-09,6
576,62,19,495,2020-04-08 23:00:00,2020-04-08,28
548,62,19,467,2020-04-07 23:00:00,2020-04-07,7
541,60,19,462,2020-04-06 23:00:00,2020-04-06,14
527,54,18,455,2020-04-05 23:00:00,2020-04-05,7
520,54,17,449,2020-04-04 23:50:00,2020-04-04,12
508,50,17,441,2020-04-03 23:30:00,2020-04-03,14
494,46,16,432,2020-04-02 23:30:00,2020-04-02,15
479,43,14,422,2020-04-01 23:00:00,2020-04-01,9
470,37,12,421,2020-03-31 23:30:00,2020-03-31,24
446,35,11,400,2020-03-30 22:30:00,2020-03-30,8
438,30,10,398,2020-03-29 23:10:00,2020-03-29,26
412,30,8,374,2020-03-28 23:30:00,2020-03-28,21
391,27,8,356,2020-03-27 23:30:00,2020-03-27,23
368,23,6,339,2020-03-26 22:40:00,2020-03-26,35
333,20,6,307,2020-03-25 22:00:00,2020-03-25,15
318,8,4,306,2020-03-24 22:30:00,2020-03-24,51
267,8,4,255,2020-03-23 23:40:00,2020-03-23,19
248,8,4,236,2020-03-22 22:30:00,2020-03-22,18
230,8,4,218,2020-03-21 23:30:00,2020-03-21,53
177,4,4,169,2020-03-20 22:45:00,2020-03-20,20
157,4,4,149,2020-03-19 23:30:00,2020-03-19,24
133,4,4,125,2020-03-18 23:30:00,2020-03-18,9
124,4,4,116,2020-03-17 22:30:00,2020-03-17,14
110,3,3,104,2020-03-16 22:00:00,2020-03-16,0
110,1,3,106,2020-03-15 23:30:00,2020-03-15,17
93,1,3,89,2020-03-14 22:30:00,2020-03-14,16
77,1,3,73,2020-03-13 22:00:00,2020-03-13,9
68,1,3,64,2020-03-12 22:00:00,2020-03-12,0
68,1,2,65,2020-03-11 22:30:00,2020-03-11,16
52,1,1,50,2020-03-10 23:00:00,2020-03-10,11
41,1,0,40,2020-03-09 22:30:00,2020-03-09,9
32,1,0,31,2020-03-08 22:00:00,2020-03-08,4
28,1,0,27,2020-03-07 22:00:00,2020-03-07,6
22,0,0,22,2020-03-06 20:30:00,2020-03-06,6
16,0,0,16,2020-03-05 20:30:00,2020-03-05,1
15,0,0,15,2020-03-04 22:00:00,2020-03-04,2
13,0,0,13,2020-03-03 23:30:00,2020-03-03,0
13,0,0,13,2020-03-02 22:00:00,2020-03-02,3
10,0,0,10,2020-03-01 23:00:00,2020-03-01,3
7,0,0,7,2020-02-29 23:00:00,2020-02-29,3
4,0,0,4,2020-02-28 23:00:00,2020-02-28,1
3,0,0,3,2020-02-27 22:00:00,2020-02-27,1
2,0,0,2,2020-02-26 23:30:00,2020-02-26,1
1,0,0,1,2020-02-25 22:00:00,2020-02-25,0
1,0,0,1,2020-02-24 23:00:00,2020-02-24,0
1,0,0,1,2020-02-23 22:00:00,2020-02-23,0
1,0,0,1,2020-02-22 23:00:00,2020-02-22,0
1,0,0,1,2020-02-21 23:00:00,2020-02-21,1
0,0,0,0,2020-02-20 22:00:00,2020-02-20,0
0,0,0,0,2020-02-19 23:00:00,2020-02-19,0
0,0,0,0,2020-02-18 23:00:00,2020-02-18,0
0,0,0,0,2020-02-17 23:00:00,2020-02-17,0
0,0,0,0,2020-02-16 22:30:00,2020-02-16,0
0,0,0,0,2020-02-15 23:00:00,2020-02-15,0
0,0,0,0,2020-02-14 23:00:00,2020-02-14,0
0,0,0,0,2020-02-13 22:00:00,2020-02-13,0
0,0,0,0,2020-02-12 21:30:00,2020-02-12,0
0,0,0,0,2020-02-11 23:00:00,2020-02-11,0
0,0,0,0,2020-02-10 22:30:00,2020-02-10,0
0,0,0,0,2020-02-09 23:00:00,2020-02-09,0
0,0,0,0,2020-02-08 22:00:00,2020-02-08,0
0,0,0,0,2020-02-07 23:00:00,2020-02-07,0
0,0,0,0,2020-02-06 21:30:00,2020-02-06,0
0,0,0,0,2020-02-05 23:00:00,2020-02-05,0
0,0,0,0,2020-02-04 20:00:00,2020-02-04,0
0,0,0,0,2020-02-03 20:00:00,2020-02-03,0
0,0,0,0,2020-02-02 22:00:00,2020-02-02,0
0,0,0,0,2020-02-01 23:00:00,2020-02-01,0
0,0,0,0,2020-01-31 19:00:00,2020-01-31,0
0,0,0,0,2020-01-30 21:30:00,2020-01-30,0
0,0,0,0,2020-01-29 21:00:00,2020-01-29,0
0,0,0,0,2020-01-28 23:00:00,2020-01-28,0
0,0,0,0,2020-01-27 20:30:00,2020-01-27,0
0,0,0,0,2020-01-26 23:00:00,2020-01-26,0
0,0,0,0,2020-01-25 22:00:00,2020-01-25,0
0,0,0,0,2020-01-24 12:00:00,2020-01-24,0
0,0,0,0,2020-01-23 00:00:00,2020-01-23,0
0,0,0,0,2020-01-22 00:00:00,2020-01-22,0
0,0,0,0,2020-01-21 00:00:00,2020-01-21,0
