Confirmed,Recovered,Deaths,Remaining,Date_last_updated_IST,date_day,New
5691,3663,96,1932,2020-04-24 15:23:00,2020-04-24,88
5603,3542,95,1966,2020-04-23 16:20:00,2020-04-23,71
5532,3452,93,1987,2020-04-22 16:22:00,2020-04-22,50
5482,3349,92,2041,2020-04-21 17:14:00,2020-04-21,57
5425,3295,89,2041,2020-04-20 16:35:00,2020-04-20,36
5389,3197,89,2103,2020-04-19 16:30:00,2020-04-19,84
5305,3102,88,2115,2020-04-18 15:07:00,2020-04-18,54
5251,2967,86,2198,2020-04-17 22:01:00,2020-04-17,69
5182,2766,84,2332,2020-04-16 21:38:00,2020-04-16,110
5072,2647,83,2342,2020-04-15 20:35:00,2020-04-15,85
4987,2478,82,2427,2020-04-14 23:37:00,2020-04-14,170
4817,2276,77,2464,2020-04-13 21:50:00,2020-04-13,134
4683,2108,76,2499,2020-04-12 21:08:00,2020-04-12,153
4530,1995,73,2462,2020-04-11 07:00:00,2020-04-11,184
4346,1830,70,2446,2020-04-10 22:00:00,2020-04-10,118
4228,1608,67,2553,2020-04-09 22:00:00,2020-04-09,109
4119,1487,65,2567,2020-04-08 23:00:00,2020-04-08,156
3963,1321,63,2579,2020-04-07 23:00:00,2020-04-07,170
3793,1241,62,2490,2020-04-06 23:00:00,2020-04-06,131
3662,1005,61,2596,2020-04-05 23:00:00,2020-04-05,179
3483,915,57,2511,2020-04-04 23:50:00,2020-04-04,150
3333,827,53,2453,2020-04-03 23:30:00,2020-04-03,217
3116,767,50,2299,2020-04-02 23:30:00,2020-04-02,208
2908,645,45,2218,2020-04-01 23:00:00,2020-04-01,142
2766,537,43,2186,2020-03-31 23:30:00,2020-03-31,140
2626,479,37,2110,2020-03-30 22:30:00,2020-03-30,156
2470,388,35,2047,2020-03-29 23:10:00,2020-03-29,150
2320,320,27,1973,2020-03-28 23:30:00,2020-03-28,159
2161,259,26,1876,2020-03-27 23:30:00,2020-03-27,130
2031,215,23,1793,2020-03-26 22:40:00,2020-03-26,235
1796,199,20,1577,2020-03-25 22:00:00,2020-03-25,172
1624,183,16,1425,2020-03-24 22:30:00,2020-03-24,106
1518,159,14,1345,2020-03-23 23:40:00,2020-03-23,212
1306,139,10,1157,2020-03-22 22:30:00,2020-03-22,123
1183,114,8,1061,2020-03-21 23:30:00,2020-03-21,153
1030,87,3,940,2020-03-20 22:45:00,2020-03-20,130
900,75,2,823,2020-03-19 23:30:00,2020-03-19,110
790,60,2,728,2020-03-18 23:30:00,2020-03-18,117
673,49,2,622,2020-03-17 22:30:00,2020-03-17,107
566,42,0,524,2020-03-16 22:00:00,2020-03-16,138
428,42,0,386,2020-03-15 23:30:00,2020-03-15,190
238,35,0,203,2020-03-14 22:30:00,2020-03-14,41
197,32,0,165,2020-03-13 22:00:00,2020-03-13,39
158,26,0,132,2020-03-12 22:00:00,2020-03-12,9
149,26,0,123,2020-03-11 22:30:00,2020-03-11,20
129,87,0,42,2020-03-10 23:00:00,2020-03-10,12
117,24,0,93,2020-03-09 22:30:00,2020-03-09,18
99,24,0,75,2020-03-08 22:00:00,2020-03-08,6
93,23,0,70,2020-03-07 22:00:00,2020-03-07,10
83,23,0,60,2020-03-06 20:30:00,2020-03-06,28
55,22,0,33,2020-03-05 20:30:00,2020-03-05,5
50,22,0,28,2020-03-04 22:00:00,2020-03-04,14
36,22,0,14,2020-03-03 23:30:00,2020-03-03,7
29,22,0,7,2020-03-02 22:00:00,2020-03-02,0
29,22,0,7,2020-03-01 23:00:00,2020-03-01,4
25,20,0,5,2020-02-29 23:00:00,2020-02-29,0
25,20,0,5,2020-02-28 23:00:00,2020-02-28,3
22,20,0,2,2020-02-27 22:00:00,2020-02-27,0
22,20,0,2,2020-02-26 23:30:00,2020-02-26,0
22,20,0,2,2020-02-25 22:00:00,2020-02-25,0
22,20,0,2,2020-02-24 23:00:00,2020-02-24,0
22,18,0,4,2020-02-23 22:00:00,2020-02-23,0
22,17,0,5,2020-02-22 23:00:00,2020-02-22,0
22,17,0,5,2020-02-21 23:00:00,2020-02-21,0
22,17,0,5,2020-02-20 22:00:00,2020-02-20,0
22,15,0,7,2020-02-19 23:00:00,2020-02-19,0
22,11,0,11,2020-02-18 23:00:00,2020-02-18,0
22,9,0,13,2020-02-17 23:00:00,2020-02-17,0
22,8,0,14,2020-02-16 22:30:00,2020-02-16,0
22,7,0,15,2020-02-15 23:00:00,2020-02-15,3
19,7,0,12,2020-02-14 23:00:00,2020-02-14,0
19,3,0,16,2020-02-13 22:00:00,2020-02-13,1
18,3,0,15,2020-02-12 21:30:00,2020-02-12,0
18,3,0,15,2020-02-11 23:00:00,2020-02-11,0
18,3,0,15,2020-02-10 22:30:00,2020-02-10,1
17,3,0,14,2020-02-09 23:00:00,2020-02-09,1
16,1,0,15,2020-02-08 22:00:00,2020-02-08,1
15,1,0,14,2020-02-07 23:00:00,2020-02-07,1
14,1,0,13,2020-02-06 21:30:00,2020-02-06,2
12,1,0,11,2020-02-05 23:00:00,2020-02-05,2
10,0,0,10,2020-02-04 20:00:00,2020-02-04,2
8,0,0,8,2020-02-03 20:00:00,2020-02-03,0
8,0,0,8,2020-02-02 22:00:00,2020-02-02,0
8,0,0,8,2020-02-01 23:00:00,2020-02-01,0
8,0,0,8,2020-01-31 19:00:00,2020-01-31,0
8,0,0,8,2020-01-30 21:30:00,2020-01-30,1
7,0,0,7,2020-01-29 21:00:00,2020-01-29,0
7,0,0,7,2020-01-28 23:00:00,2020-01-28,3
4,0,0,4,2020-01-27 20:30:00,2020-01-27,0
4,0,0,4,2020-01-26 23:00:00,2020-01-26,1
3,0,0,3,2020-01-25 22:00:00,2020-01-25,3
0,0,0,0,2020-01-24 12:00:00,2020-01-24,0
0,0,0,0,2020-01-23 00:00:00,2020-01-23,0
0,0,0,0,2020-01-22 00:00:00,2020-01-22,0
0,0,0,0,2020-01-21 00:00:00,2020-01-21,0
