Confirmed,Recovered,Deaths,Remaining,Date_last_updated_IST,date_day,New
202,98,14,90,2020-06-12 23:27:00,2020-06-12,20
182,83,14,85,2020-05-06 17:43:00,2020-05-06,3
179,83,14,82,2020-05-01 21:43:00,2020-05-01,4
175,77,14,84,2020-04-28 20:02:00,2020-04-28,0
175,77,14,84,2020-04-27 14:50:00,2020-04-27,0
175,77,14,84,2020-04-26 15:29:00,2020-04-26,5
170,77,14,79,2020-04-25 17:01:00,2020-04-25,0
170,77,14,79,2020-04-24 15:23:00,2020-04-24,6
164,73,14,77,2020-04-23 16:20:00,2020-04-23,0
164,73,14,77,2020-04-22 16:22:00,2020-04-22,1
163,73,14,76,2020-04-21 17:14:00,2020-04-21,0
163,73,12,78,2020-04-20 16:35:00,2020-04-20,0
163,73,12,78,2020-04-19 16:30:00,2020-04-19,5
158,73,8,77,2020-04-18 15:07:00,2020-04-18,0
158,73,8,77,2020-04-17 22:01:00,2020-04-17,0
158,73,8,77,2020-04-16 21:38:00,2020-04-16,0
158,73,8,77,2020-04-15 20:35:00,2020-04-15,1
157,50,6,101,2020-04-14 23:37:00,2020-04-14,0
157,50,6,101,2020-04-13 21:50:00,2020-04-13,2
155,50,6,99,2020-04-12 21:08:00,2020-04-12,0
155,50,6,99,2020-04-11 07:00:00,2020-04-11,0
155,50,6,99,2020-04-10 22:00:00,2020-04-10,1
154,50,6,98,2020-04-09 22:00:00,2020-04-09,0
154,50,6,98,2020-04-08 23:00:00,2020-04-08,2
152,50,4,98,2020-04-07 23:00:00,2020-04-07,1
151,50,4,97,2020-04-06 23:00:00,2020-04-06,2
149,50,4,95,2020-04-05 23:00:00,2020-04-05,4
145,27,3,115,2020-04-04 23:50:00,2020-04-04,2
143,27,3,113,2020-04-03 23:30:00,2020-04-03,5
138,27,3,108,2020-04-02 23:30:00,2020-04-02,3
135,27,3,105,2020-04-01 23:00:00,2020-04-01,7
128,27,3,98,2020-03-31 23:30:00,2020-03-31,35
93,0,1,92,2020-03-30 22:30:00,2020-03-30,0
93,0,1,92,2020-03-29 23:10:00,2020-03-29,0
93,0,1,92,2020-03-28 23:30:00,2020-03-28,0
93,0,1,92,2020-03-27 23:30:00,2020-03-27,12
81,0,1,80,2020-03-26 22:40:00,2020-03-26,15
66,0,1,65,2020-03-25 22:00:00,2020-03-25,9
57,0,1,56,2020-03-24 22:30:00,2020-03-24,4
53,0,1,52,2020-03-23 23:40:00,2020-03-23,9
44,0,1,43,2020-03-22 22:30:00,2020-03-22,7
37,0,1,36,2020-03-21 23:30:00,2020-03-21,5
32,0,1,31,2020-03-20 22:45:00,2020-03-20,9
23,0,1,22,2020-03-19 23:30:00,2020-03-19,0
23,0,1,22,2020-03-18 23:30:00,2020-03-18,8
15,0,1,14,2020-03-17 22:30:00,2020-03-17,0
15,0,1,14,2020-03-16 22:00:00,2020-03-16,5
10,0,0,10,2020-03-15 23:30:00,2020-03-15,0
10,0,0,10,2020-03-14 22:30:00,2020-03-14,7
3,0,0,3,2020-03-13 22:00:00,2020-03-13,0
3,0,0,3,2020-03-12 22:00:00,2020-03-12,0
3,0,0,3,2020-03-11 22:30:00,2020-03-11,0
3,0,0,3,2020-03-10 23:00:00,2020-03-10,1
2,0,0,2,2020-03-09 22:30:00,2020-03-09,0
2,0,0,2,2020-03-08 22:00:00,2020-03-08,2
0,0,0,0,2020-03-07 22:00:00,2020-03-07,0
0,0,0,0,2020-03-06 20:30:00,2020-03-06,0
0,0,0,0,2020-03-05 20:30:00,2020-03-05,0
0,0,0,0,2020-03-04 22:00:00,2020-03-04,0
0,0,0,0,2020-03-03 23:30:00,2020-03-03,0
0,0,0,0,2020-03-02 22:00:00,2020-03-02,0
0,0,0,0,2020-03-01 23:00:00,2020-03-01,0
0,0,0,0,2020-02-29 23:00:00,2020-02-29,0
0,0,0,0,2020-02-28 23:00:00,2020-02-28,0
0,0,0,0,2020-02-27 22:00:00,2020-02-27,0
0,0,0,0,2020-02-26 23:30:00,2020-02-26,0
0,0,0,0,2020-02-25 22:00:00,2020-02-25,0
0,0,0,0,2020-02-24 23:00:00,2020-02-24,0
0,0,0,0,2020-02-23 22:00:00,2020-02-23,0
0,0,0,0,2020-02-22 23:00:00,2020-02-22,0
0,0,0,0,2020-02-21 23:00:00,2020-02-21,0
0,0,0,0,2020-02-20 22:00:00,2020-02-20,0
0,0,0,0,2020-02-19 23:00:00,2020-02-19,0
0,0,0,0,2020-02-18 23:00:00,2020-02-18,0
0,0,0,0,2020-02-17 23:00:00,2020-02-17,0
0,0,0,0,2020-02-16 22:30:00,2020-02-16,0
0,0,0,0,2020-02-15 23:00:00,2020-02-15,0
0,0,0,0,2020-02-14 23:00:00,2020-02-14,0
0,0,0,0,2020-02-13 22:00:00,2020-02-13,0
0,0,0,0,2020-02-12 21:30:00,2020-02-12,0
0,0,0,0,2020-02-11 23:00:00,2020-02-11,0
0,0,0,0,2020-02-10 22:30:00,2020-02-10,0
0,0,0,0,2020-02-09 23:00:00,2020-02-09,0
0,0,0,0,2020-02-08 22:00:00,2020-02-08,0
0,0,0,0,2020-02-07 23:00:00,2020-02-07,0
0,0,0,0,2020-02-06 21:30:00,2020-02-06,0
0,0,0,0,2020-02-05 23:00:00,2020-02-05,0
0,0,0,0,2020-02-04 20:00:00,2020-02-04,0
0,0,0,0,2020-02-03 20:00:00,2020-02-03,0
0,0,0,0,2020-02-02 22:00:00,2020-02-02,0
0,0,0,0,2020-02-01 23:00:00,2020-02-01,0
0,0,0,0,2020-01-31 19:00:00,2020-01-31,0
0,0,0,0,2020-01-30 21:30:00,2020-01-30,0
0,0,0,0,2020-01-29 21:00:00,2020-01-29,0
0,0,0,0,2020-01-28 23:00:00,2020-01-28,0
0,0,0,0,2020-01-27 20:30:00,2020-01-27,0
0,0,0,0,2020-01-26 23:00:00,2020-01-26,0
0,0,0,0,2020-01-25 22:00:00,2020-01-25,0
0,0,0,0,2020-01-24 12:00:00,2020-01-24,0
0,0,0,0,2020-01-23 00:00:00,2020-01-23,0
0,0,0,0,2020-01-22 00:00:00,2020-01-22,0
0,0,0,0,2020-01-21 00:00:00,2020-01-21,0
