Confirmed,Recovered,Deaths,Remaining,Date_last_updated_IST,Date_last_updated,date_day,New
207,59,3,145,2020-04-14 11:44:00,,2020-04-14,0
207,59,3,145,2020-04-13 21:50:00,,2020-04-13,11
196,59,3,134,2020-04-12 21:08:00,,2020-04-12,5
191,50,2,139,2020-04-11 07:00:00,,2020-04-11,0
191,50,2,139,2020-04-10 22:00:00,,2020-04-10,7
184,26,2,156,2020-04-09 22:00:00,,2020-04-09,0
184,22,2,160,2020-04-08 23:00:00,,2020-04-08,13
171,22,2,147,2020-04-07 23:00:00,,2020-04-07,7
164,15,2,147,2020-04-06 23:00:00,,2020-04-06,17
147,14,2,131,2020-04-05 23:00:00,,2020-04-05,13
134,14,2,118,2020-04-04 23:50:00,,2020-04-04,6
128,10,2,116,2020-04-03 23:30:00,,2020-04-03,12
116,10,1,105,2020-04-02 23:30:00,,2020-04-02,15
101,10,1,90,2020-04-01 23:00:00,,2020-04-01,7
94,10,1,83,2020-03-31 23:30:00,,2020-03-31,12
82,10,0,72,2020-03-30 22:30:00,,2020-03-30,19
63,0,0,63,2020-03-29 23:10:00,,2020-03-29,0
63,0,0,63,2020-03-28 23:30:00,,2020-03-28,13
50,0,0,50,2020-03-27 23:30:00,,2020-03-27,14
36,0,0,36,2020-03-26 22:40:00,,2020-03-26,0
36,0,0,36,2020-03-25 22:00:00,,2020-03-25,0
36,0,0,36,2020-03-24 22:30:00,,2020-03-24,12
24,0,0,24,2020-03-23 23:40:00,,2020-03-23,13
11,0,0,11,2020-03-22 22:30:00,,2020-03-22,0
11,0,0,11,2020-03-21 23:30:00,,2020-03-21,4
7,0,0,7,2020-03-20 22:45:00,,2020-03-20,3
4,0,0,4,2020-03-19 23:30:00,,2020-03-19,1
3,0,0,3,2020-03-18 23:30:00,,2020-03-18,0
3,0,0,3,2020-03-17 22:30:00,,2020-03-17,2
1,0,0,1,2020-03-16 22:00:00,,2020-03-16,0
1,0,0,1,2020-03-15 23:30:00,,2020-03-15,0
1,0,0,1,2020-03-14 22:30:00,,2020-03-14,0
