Confirmed,Recovered,Deaths,Remaining,Date_last_updated_IST,date_day,New
1716,307,8,1401,2020-04-23 16:20:00,2020-04-23,102
1614,238,8,1368,2020-04-22 16:22:00,2020-04-22,106
1508,238,8,1262,2020-04-21 17:14:00,2020-04-21,98
1410,238,7,1165,2020-04-20 16:35:00,2020-04-20,144
1266,233,6,1027,2020-04-19 16:30:00,2020-04-19,86
1180,176,6,998,2020-04-18 15:07:00,2020-04-18,111
1069,176,6,887,2020-04-17 22:01:00,2020-04-17,50
1019,176,4,839,2020-04-16 21:38:00,2020-04-16,109
910,131,4,775,2020-04-15 20:35:00,2020-04-15,97
813,130,4,679,2020-04-14 23:37:00,2020-04-14,86
727,124,4,599,2020-04-13 21:50:00,2020-04-13,128
599,109,3,487,2020-04-12 21:08:00,2020-04-12,53
546,109,3,434,2020-04-11 07:00:00,2020-04-11,62
484,109,3,372,2020-04-10 22:00:00,2020-04-10,27
457,109,3,345,2020-04-09 22:00:00,2020-04-09,38
419,72,2,345,2020-04-08 23:00:00,2020-04-08,48
371,67,2,302,2020-04-07 23:00:00,2020-04-07,40
331,61,2,268,2020-04-06 23:00:00,2020-04-06,33
298,61,2,235,2020-04-05 23:00:00,2020-04-05,21
277,61,2,214,2020-04-04 23:50:00,2020-04-04,25
252,57,1,194,2020-04-03 23:30:00,2020-04-03,21
231,57,1,173,2020-04-02 23:30:00,2020-04-02,21
210,34,1,175,2020-04-01 23:00:00,2020-04-01,18
192,34,1,157,2020-03-31 23:30:00,2020-03-31,13
179,29,0,150,2020-03-30 22:30:00,2020-03-30,12
167,23,0,144,2020-03-29 23:10:00,2020-03-29,15
152,23,0,129,2020-03-28 23:30:00,2020-03-28,21
131,23,0,108,2020-03-27 23:30:00,2020-03-27,22
109,23,0,86,2020-03-26 22:40:00,2020-03-26,10
99,17,0,82,2020-03-25 22:00:00,2020-03-25,15
84,17,0,67,2020-03-24 22:30:00,2020-03-24,18
66,17,0,49,2020-03-23 23:40:00,2020-03-23,11
55,17,0,38,2020-03-22 22:30:00,2020-03-22,3
52,13,0,39,2020-03-21 23:30:00,2020-03-21,4
48,13,0,35,2020-03-20 22:45:00,2020-03-20,0
48,13,0,35,2020-03-19 23:30:00,2020-03-19,9
39,13,0,26,2020-03-18 23:30:00,2020-03-18,6
33,12,0,21,2020-03-17 22:30:00,2020-03-17,9
24,9,0,15,2020-03-16 22:00:00,2020-03-16,2
22,9,0,13,2020-03-15 23:30:00,2020-03-15,3
19,9,0,10,2020-03-14 22:30:00,2020-03-14,0
19,9,0,10,2020-03-13 22:00:00,2020-03-13,1
18,9,0,9,2020-03-12 22:00:00,2020-03-12,0
18,9,0,9,2020-03-11 22:30:00,2020-03-11,0
18,9,0,9,2020-03-10 23:00:00,2020-03-10,0
18,9,0,9,2020-03-09 22:30:00,2020-03-09,2
16,2,0,14,2020-03-08 22:00:00,2020-03-08,0
16,2,0,14,2020-03-07 22:00:00,2020-03-07,0
16,2,0,14,2020-03-06 20:30:00,2020-03-06,0
16,2,0,14,2020-03-05 20:30:00,2020-03-05,1
15,2,0,13,2020-03-04 22:00:00,2020-03-04,3
12,2,0,10,2020-03-03 23:30:00,2020-03-03,6
6,2,0,4,2020-03-02 22:00:00,2020-03-02,0
6,1,0,5,2020-03-01 23:00:00,2020-03-01,0
6,0,0,6,2020-02-29 23:00:00,2020-02-29,0
6,0,0,6,2020-02-28 23:00:00,2020-02-28,0
6,0,0,6,2020-02-27 22:00:00,2020-02-27,2
4,0,0,4,2020-02-26 23:30:00,2020-02-26,0
4,0,0,4,2020-02-25 22:00:00,2020-02-25,2
2,0,0,2,2020-02-24 23:00:00,2020-02-24,2
0,0,0,0,2020-02-23 22:00:00,2020-02-23,0
0,0,0,0,2020-02-22 23:00:00,2020-02-22,0
0,0,0,0,2020-02-21 23:00:00,2020-02-21,0
0,0,0,0,2020-02-20 22:00:00,2020-02-20,0
0,0,0,0,2020-02-19 23:00:00,2020-02-19,0
0,0,0,0,2020-02-18 23:00:00,2020-02-18,0
0,0,0,0,2020-02-17 23:00:00,2020-02-17,0
0,0,0,0,2020-02-16 22:30:00,2020-02-16,0
0,0,0,0,2020-02-15 23:00:00,2020-02-15,0
0,0,0,0,2020-02-14 23:00:00,2020-02-14,0
0,0,0,0,2020-02-13 22:00:00,2020-02-13,0
0,0,0,0,2020-02-12 21:30:00,2020-02-12,0
0,0,0,0,2020-02-11 23:00:00,2020-02-11,0
0,0,0,0,2020-02-10 22:30:00,2020-02-10,0
0,0,0,0,2020-02-09 23:00:00,2020-02-09,0
0,0,0,0,2020-02-08 22:00:00,2020-02-08,0
0,0,0,0,2020-02-07 23:00:00,2020-02-07,0
0,0,0,0,2020-02-06 21:30:00,2020-02-06,0
0,0,0,0,2020-02-05 23:00:00,2020-02-05,0
0,0,0,0,2020-02-04 20:00:00,2020-02-04,0
0,0,0,0,2020-02-03 20:00:00,2020-02-03,0
0,0,0,0,2020-02-02 22:00:00,2020-02-02,0
0,0,0,0,2020-02-01 23:00:00,2020-02-01,0
0,0,0,0,2020-01-31 19:00:00,2020-01-31,0
0,0,0,0,2020-01-30 21:30:00,2020-01-30,0
0,0,0,0,2020-01-29 21:00:00,2020-01-29,0
0,0,0,0,2020-01-28 23:00:00,2020-01-28,0
0,0,0,0,2020-01-27 20:30:00,2020-01-27,0
0,0,0,0,2020-01-26 23:00:00,2020-01-26,0
0,0,0,0,2020-01-25 22:00:00,2020-01-25,0
0,0,0,0,2020-01-24 12:00:00,2020-01-24,0
0,0,0,0,2020-01-23 00:00:00,2020-01-23,0
0,0,0,0,2020-01-22 00:00:00,2020-01-22,0
0,0,0,0,2020-01-21 00:00:00,2020-01-21,0
