Confirmed,Recovered,Deaths,Remaining,Date_last_updated_IST,date_day,New
14096,1436,12,12648,2020-05-01 21:43:00,2020-05-01,2175
11921,1134,10,10777,2020-04-28 20:02:00,2020-04-28,1634
10287,1012,10,9265,2020-04-27 14:50:00,2020-04-27,929
9358,929,10,8419,2020-04-26 15:29:00,2020-04-26,0
9358,929,10,8419,2020-04-25 17:01:00,2020-04-25,1594
7764,750,10,7004,2020-04-24 15:23:00,2020-04-24,0
7764,750,10,7004,2020-04-23 16:20:00,2020-04-23,1231
6533,614,9,5910,2020-04-22 16:22:00,2020-04-22,0
6533,614,9,5910,2020-04-21 17:14:00,2020-04-21,1085
5448,518,8,4922,2020-04-20 16:35:00,2020-04-20,440
5008,510,8,4490,2020-04-19 16:30:00,2020-04-19,345
4663,464,7,4192,2020-04-18 15:07:00,2020-04-18,0
4663,464,7,4192,2020-04-17 22:01:00,2020-04-17,560
4103,415,7,3681,2020-04-16 21:38:00,2020-04-16,392
3711,406,7,3298,2020-04-15 20:35:00,2020-04-15,283
3428,373,7,3048,2020-04-14 23:37:00,2020-04-14,197
3231,334,7,2890,2020-04-13 21:50:00,2020-04-13,503
2728,247,6,2475,2020-04-12 21:08:00,2020-04-12,0
2728,247,6,2475,2020-04-11 07:00:00,2020-04-11,216
2512,227,6,2279,2020-04-10 22:00:00,2020-04-10,136
2376,206,6,2164,2020-04-09 22:00:00,2020-04-09,166
2210,178,6,2026,2020-04-08 23:00:00,2020-04-08,153
2057,150,6,1901,2020-04-07 23:00:00,2020-04-07,225
1832,131,4,1697,2020-04-06 23:00:00,2020-04-06,228
1604,123,4,1477,2020-04-05 23:00:00,2020-04-05,279
1325,109,3,1213,2020-04-04 23:50:00,2020-04-04,250
1075,93,3,979,2020-04-03 23:30:00,2020-04-03,126
949,72,3,874,2020-04-02 23:30:00,2020-04-02,114
835,71,2,762,2020-04-01 23:00:00,2020-04-01,54
781,62,2,717,2020-03-31 23:30:00,2020-03-31,88
693,51,1,641,2020-03-30 22:30:00,2020-03-30,59
634,48,1,585,2020-03-29 23:10:00,2020-03-29,44
590,45,1,544,2020-03-28 23:30:00,2020-03-28,28
562,43,0,519,2020-03-27 23:30:00,2020-03-27,13
549,43,0,506,2020-03-26 22:40:00,2020-03-26,12
537,41,0,496,2020-03-25 22:00:00,2020-03-25,11
526,41,0,485,2020-03-24 22:30:00,2020-03-24,25
501,33,0,468,2020-03-23 23:40:00,2020-03-23,7
494,33,0,461,2020-03-22 22:30:00,2020-03-22,13
481,27,0,454,2020-03-21 23:30:00,2020-03-21,11
470,10,0,460,2020-03-20 22:45:00,2020-03-20,10
460,10,0,450,2020-03-19 23:30:00,2020-03-19,8
452,4,0,448,2020-03-18 23:30:00,2020-03-18,10
442,4,0,438,2020-03-17 22:30:00,2020-03-17,3
439,4,0,435,2020-03-16 22:00:00,2020-03-16,38
401,4,0,397,2020-03-15 23:30:00,2020-03-15,64
337,4,0,333,2020-03-14 22:30:00,2020-03-14,17
320,0,0,320,2020-03-13 22:00:00,2020-03-13,58
262,0,0,262,2020-03-12 22:00:00,2020-03-12,0
262,0,0,262,2020-03-11 22:30:00,2020-03-11,238
24,0,0,24,2020-03-10 23:00:00,2020-03-10,6
18,0,0,18,2020-03-09 22:30:00,2020-03-09,3
15,0,0,15,2020-03-08 22:00:00,2020-03-08,3
12,0,0,12,2020-03-07 22:00:00,2020-03-07,1
11,0,0,11,2020-03-06 20:30:00,2020-03-06,3
8,0,0,8,2020-03-05 20:30:00,2020-03-05,0
8,0,0,8,2020-03-04 22:00:00,2020-03-04,0
8,0,0,8,2020-03-03 23:30:00,2020-03-03,1
7,0,0,7,2020-03-02 22:00:00,2020-03-02,4
3,0,0,3,2020-03-01 23:00:00,2020-03-01,2
1,0,0,1,2020-02-29 23:00:00,2020-02-29,1
0,0,0,0,2020-02-28 23:00:00,2020-02-28,0
0,0,0,0,2020-02-27 22:00:00,2020-02-27,0
0,0,0,0,2020-02-26 23:30:00,2020-02-26,0
0,0,0,0,2020-02-25 22:00:00,2020-02-25,0
0,0,0,0,2020-02-24 23:00:00,2020-02-24,0
0,0,0,0,2020-02-23 22:00:00,2020-02-23,0
0,0,0,0,2020-02-22 23:00:00,2020-02-22,0
0,0,0,0,2020-02-21 23:00:00,2020-02-21,0
0,0,0,0,2020-02-20 22:00:00,2020-02-20,0
0,0,0,0,2020-02-19 23:00:00,2020-02-19,0
0,0,0,0,2020-02-18 23:00:00,2020-02-18,0
0,0,0,0,2020-02-17 23:00:00,2020-02-17,0
0,0,0,0,2020-02-16 22:30:00,2020-02-16,0
0,0,0,0,2020-02-15 23:00:00,2020-02-15,0
0,0,0,0,2020-02-14 23:00:00,2020-02-14,0
0,0,0,0,2020-02-13 22:00:00,2020-02-13,0
0,0,0,0,2020-02-12 21:30:00,2020-02-12,0
0,0,0,0,2020-02-11 23:00:00,2020-02-11,0
0,0,0,0,2020-02-10 22:30:00,2020-02-10,0
0,0,0,0,2020-02-09 23:00:00,2020-02-09,0
0,0,0,0,2020-02-08 22:00:00,2020-02-08,0
0,0,0,0,2020-02-07 23:00:00,2020-02-07,0
0,0,0,0,2020-02-06 21:30:00,2020-02-06,0
0,0,0,0,2020-02-05 23:00:00,2020-02-05,0
0,0,0,0,2020-02-04 20:00:00,2020-02-04,0
0,0,0,0,2020-02-03 20:00:00,2020-02-03,0
0,0,0,0,2020-02-02 22:00:00,2020-02-02,0
0,0,0,0,2020-02-01 23:00:00,2020-02-01,0
0,0,0,0,2020-01-31 19:00:00,2020-01-31,0
0,0,0,0,2020-01-30 21:30:00,2020-01-30,0
0,0,0,0,2020-01-29 21:00:00,2020-01-29,0
0,0,0,0,2020-01-28 23:00:00,2020-01-28,0
0,0,0,0,2020-01-27 20:30:00,2020-01-27,0
0,0,0,0,2020-01-26 23:00:00,2020-01-26,0
0,0,0,0,2020-01-25 22:00:00,2020-01-25,0
0,0,0,0,2020-01-24 12:00:00,2020-01-24,0
0,0,0,0,2020-01-23 00:00:00,2020-01-23,0
0,0,0,0,2020-01-22 00:00:00,2020-01-22,0
0,0,0,0,2020-01-21 00:00:00,2020-01-21,0
