Confirmed,Recovered,Deaths,Remaining,Date_last_updated_IST,date_day,New
17522,2357,139,15026,2020-04-27 14:50:00,2020-04-27,1223
16299,2215,136,13948,2020-04-26 15:29:00,2020-04-26,1197
15102,2049,127,12926,2020-04-25 17:01:00,2020-04-25,1172
13930,1925,121,11884,2020-04-24 15:23:00,2020-04-24,1158
12772,1812,114,10846,2020-04-23 16:20:00,2020-04-23,1141
11631,1640,109,9882,2020-04-22 16:22:00,2020-04-22,1147
10484,1490,103,8891,2020-04-21 17:14:00,2020-04-21,1122
9362,1398,97,7867,2020-04-20 16:35:00,2020-04-20,1088
8274,1329,92,6853,2020-04-19 16:30:00,2020-04-19,1132
7142,1049,87,6006,2020-04-18 15:07:00,2020-04-18,0
7142,1049,87,6006,2020-04-17 22:01:00,2020-04-17,762
6380,990,83,5307,2020-04-16 21:38:00,2020-04-16,518
5862,931,79,4852,2020-04-15 20:35:00,2020-04-15,493
5369,889,73,4407,2020-04-14 23:37:00,2020-04-14,435
4934,805,65,4064,2020-04-13 21:50:00,2020-04-13,901
4033,720,52,3261,2020-04-12 21:08:00,2020-04-12,382
3651,685,47,2919,2020-04-11 07:00:00,2020-04-11,0
3651,685,47,2919,2020-04-10 22:00:00,2020-04-10,364
3287,666,44,2577,2020-04-09 22:00:00,2020-04-09,355
2932,631,41,2260,2020-04-08 23:00:00,2020-04-08,137
2795,615,41,2139,2020-04-07 23:00:00,2020-04-07,190
2605,551,38,2016,2020-04-06 23:00:00,2020-04-06,203
2402,488,34,1880,2020-04-05 23:00:00,2020-04-05,32
2370,420,29,1921,2020-04-04 23:50:00,2020-04-04,331
2039,351,25,1663,2020-04-03 23:30:00,2020-04-03,154
1885,328,21,1536,2020-04-02 23:30:00,2020-04-02,165
1720,264,16,1440,2020-04-01 23:00:00,2020-04-01,157
1563,165,10,1388,2020-03-31 23:30:00,2020-03-31,110
1453,115,8,1330,2020-03-30 22:30:00,2020-03-30,154
1299,66,8,1225,2020-03-29 23:10:00,2020-03-29,96
1203,37,4,1162,2020-03-28 23:30:00,2020-03-28,99
1104,35,3,1066,2020-03-27 23:30:00,2020-03-27,92
1012,33,3,976,2020-03-26 22:40:00,2020-03-26,112
900,29,2,869,2020-03-25 22:00:00,2020-03-25,133
767,28,1,738,2020-03-24 22:30:00,2020-03-24,205
562,19,0,543,2020-03-23 23:40:00,2020-03-23,51
511,17,0,494,2020-03-22 22:30:00,2020-03-22,119
392,16,0,376,2020-03-21 23:30:00,2020-03-21,48
344,8,0,336,2020-03-20 22:45:00,2020-03-20,70
274,8,0,266,2020-03-19 23:30:00,2020-03-19,36
238,6,0,232,2020-03-18 23:30:00,2020-03-18,67
171,6,0,165,2020-03-17 22:30:00,2020-03-17,38
133,6,0,127,2020-03-16 22:00:00,2020-03-16,15
118,3,0,115,2020-03-15 23:30:00,2020-03-15,15
103,1,0,102,2020-03-14 22:30:00,2020-03-14,17
86,1,0,85,2020-03-13 22:00:00,2020-03-13,41
45,1,0,44,2020-03-12 22:00:00,2020-03-12,0
45,1,0,44,2020-03-11 22:30:00,2020-03-11,25
20,1,0,19,2020-03-10 23:00:00,2020-03-10,0
20,1,0,19,2020-03-09 22:30:00,2020-03-09,5
15,1,0,14,2020-03-08 22:00:00,2020-03-08,8
7,1,0,6,2020-03-07 22:00:00,2020-03-07,2
5,1,0,4,2020-03-06 20:30:00,2020-03-06,0
5,1,0,4,2020-03-05 20:30:00,2020-03-05,3
2,0,0,2,2020-03-04 22:00:00,2020-03-04,1
1,0,0,1,2020-03-03 23:30:00,2020-03-03,0
1,0,0,1,2020-03-02 22:00:00,2020-03-02,1
0,0,0,0,2020-03-01 23:00:00,2020-03-01,0
0,0,0,0,2020-02-29 23:00:00,2020-02-29,0
0,0,0,0,2020-02-28 23:00:00,2020-02-28,0
0,0,0,0,2020-02-27 22:00:00,2020-02-27,0
0,0,0,0,2020-02-26 23:30:00,2020-02-26,0
0,0,0,0,2020-02-25 22:00:00,2020-02-25,0
0,0,0,0,2020-02-24 23:00:00,2020-02-24,0
0,0,0,0,2020-02-23 22:00:00,2020-02-23,0
0,0,0,0,2020-02-22 23:00:00,2020-02-22,0
0,0,0,0,2020-02-21 23:00:00,2020-02-21,0
0,0,0,0,2020-02-20 22:00:00,2020-02-20,0
0,0,0,0,2020-02-19 23:00:00,2020-02-19,0
0,0,0,0,2020-02-18 23:00:00,2020-02-18,0
0,0,0,0,2020-02-17 23:00:00,2020-02-17,0
0,0,0,0,2020-02-16 22:30:00,2020-02-16,0
0,0,0,0,2020-02-15 23:00:00,2020-02-15,0
0,0,0,0,2020-02-14 23:00:00,2020-02-14,0
0,0,0,0,2020-02-13 22:00:00,2020-02-13,0
0,0,0,0,2020-02-12 21:30:00,2020-02-12,0
0,0,0,0,2020-02-11 23:00:00,2020-02-11,0
0,0,0,0,2020-02-10 22:30:00,2020-02-10,0
0,0,0,0,2020-02-09 23:00:00,2020-02-09,0
0,0,0,0,2020-02-08 22:00:00,2020-02-08,0
0,0,0,0,2020-02-07 23:00:00,2020-02-07,0
0,0,0,0,2020-02-06 21:30:00,2020-02-06,0
0,0,0,0,2020-02-05 23:00:00,2020-02-05,0
0,0,0,0,2020-02-04 20:00:00,2020-02-04,0
0,0,0,0,2020-02-03 20:00:00,2020-02-03,0
0,0,0,0,2020-02-02 22:00:00,2020-02-02,0
0,0,0,0,2020-02-01 23:00:00,2020-02-01,0
0,0,0,0,2020-01-31 19:00:00,2020-01-31,0
0,0,0,0,2020-01-30 21:30:00,2020-01-30,0
0,0,0,0,2020-01-29 21:00:00,2020-01-29,0
0,0,0,0,2020-01-28 23:00:00,2020-01-28,0
0,0,0,0,2020-01-27 20:30:00,2020-01-27,0
0,0,0,0,2020-01-26 23:00:00,2020-01-26,0
0,0,0,0,2020-01-25 22:00:00,2020-01-25,0
0,0,0,0,2020-01-24 12:00:00,2020-01-24,0
0,0,0,0,2020-01-23 00:00:00,2020-01-23,0
0,0,0,0,2020-01-22 00:00:00,2020-01-22,0
0,0,0,0,2020-01-21 00:00:00,2020-01-21,0
