Confirmed,Recovered,Deaths,Remaining,Date_last_updated_IST,date_day,New
7483,1094,144,6245,2020-04-25 01:28:00,2020-04-25,207
7276,1063,139,6074,2020-04-24 15:23:00,2020-04-24,162
7114,1025,134,5955,2020-04-23 16:20:00,2020-04-23,224
6890,977,130,5783,2020-04-22 16:22:00,2020-04-22,260
6630,870,125,5635,2020-04-21 17:14:00,2020-04-21,312
6318,753,122,5443,2020-04-20 16:35:00,2020-04-20,324
5994,637,117,5240,2020-04-19 16:30:00,2020-04-19,304
5690,534,110,5046,2020-04-18 15:07:00,2020-04-18,0
5690,534,110,5046,2020-04-17 22:01:00,2020-04-17,372
5318,443,103,4772,2020-04-16 21:38:00,2020-04-16,445
4873,400,99,4374,2020-04-15 20:35:00,2020-04-15,408
4465,400,94,3971,2020-04-14 23:37:00,2020-04-14,411
4054,400,85,3569,2020-04-13 21:50:00,2020-04-13,674
3380,118,74,3188,2020-04-12 21:08:00,2020-04-12,275
3105,118,71,2916,2020-04-11 07:00:00,2020-04-11,0
3105,118,71,2916,2020-04-10 22:00:00,2020-04-10,238
2867,118,66,2683,2020-04-09 22:00:00,2020-04-09,201
2666,118,65,2483,2020-04-08 23:00:00,2020-04-08,219
2447,118,61,2268,2020-04-07 23:00:00,2020-04-07,247
2200,118,58,2024,2020-04-06 23:00:00,2020-04-06,292
1908,54,51,1803,2020-04-05 23:00:00,2020-04-05,284
1624,54,44,1526,2020-04-04 23:50:00,2020-04-04,148
1476,54,39,1383,2020-04-03 23:30:00,2020-04-03,305
1171,42,31,1098,2020-04-02 23:30:00,2020-04-02,111
1060,42,28,990,2020-04-01 23:00:00,2020-04-01,160
900,42,23,835,2020-03-31 23:30:00,2020-03-31,115
785,42,16,727,2020-03-30 22:30:00,2020-03-30,44
741,42,13,686,2020-03-29 23:10:00,2020-03-29,82
659,42,10,607,2020-03-28 23:30:00,2020-03-28,131
528,42,8,478,2020-03-27 23:30:00,2020-03-27,71
457,15,7,435,2020-03-26 22:40:00,2020-03-26,73
384,15,4,365,2020-03-25 22:00:00,2020-03-25,81
303,15,3,285,2020-03-24 22:30:00,2020-03-24,54
249,3,3,243,2020-03-23 23:40:00,2020-03-23,27
222,2,2,218,2020-03-22 22:30:00,2020-03-22,51
171,2,1,168,2020-03-21 23:30:00,2020-03-21,36
135,2,1,132,2020-03-20 22:45:00,2020-03-20,32
103,1,0,102,2020-03-19 23:30:00,2020-03-19,14
89,1,0,88,2020-03-18 23:30:00,2020-03-18,17
72,1,0,71,2020-03-17 22:30:00,2020-03-17,15
57,1,0,56,2020-03-16 22:00:00,2020-03-16,9
48,1,0,47,2020-03-15 23:30:00,2020-03-15,2
46,0,0,46,2020-03-14 22:30:00,2020-03-14,11
35,0,0,35,2020-03-13 22:00:00,2020-03-13,11
24,0,0,24,2020-03-12 22:00:00,2020-03-12,6
18,0,0,18,2020-03-11 22:30:00,2020-03-11,13
5,0,0,5,2020-03-10 23:00:00,2020-03-10,3
2,0,0,2,2020-03-09 22:30:00,2020-03-09,1
1,0,0,1,2020-03-08 22:00:00,2020-03-08,0
1,0,0,1,2020-03-07 22:00:00,2020-03-07,0
1,0,0,1,2020-03-06 20:30:00,2020-03-06,1
0,0,0,0,2020-03-05 20:30:00,2020-03-05,0
0,0,0,0,2020-03-04 22:00:00,2020-03-04,0
0,0,0,0,2020-03-03 23:30:00,2020-03-03,0
0,0,0,0,2020-03-02 22:00:00,2020-03-02,0
0,0,0,0,2020-03-01 23:00:00,2020-03-01,0
0,0,0,0,2020-02-29 23:00:00,2020-02-29,0
0,0,0,0,2020-02-28 23:00:00,2020-02-28,0
0,0,0,0,2020-02-27 22:00:00,2020-02-27,0
0,0,0,0,2020-02-26 23:30:00,2020-02-26,0
0,0,0,0,2020-02-25 22:00:00,2020-02-25,0
0,0,0,0,2020-02-24 23:00:00,2020-02-24,0
0,0,0,0,2020-02-23 22:00:00,2020-02-23,0
0,0,0,0,2020-02-22 23:00:00,2020-02-22,0
0,0,0,0,2020-02-21 23:00:00,2020-02-21,0
0,0,0,0,2020-02-20 22:00:00,2020-02-20,0
0,0,0,0,2020-02-19 23:00:00,2020-02-19,0
0,0,0,0,2020-02-18 23:00:00,2020-02-18,0
0,0,0,0,2020-02-17 23:00:00,2020-02-17,0
0,0,0,0,2020-02-16 22:30:00,2020-02-16,0
0,0,0,0,2020-02-15 23:00:00,2020-02-15,0
0,0,0,0,2020-02-14 23:00:00,2020-02-14,0
0,0,0,0,2020-02-13 22:00:00,2020-02-13,0
0,0,0,0,2020-02-12 21:30:00,2020-02-12,0
0,0,0,0,2020-02-11 23:00:00,2020-02-11,0
0,0,0,0,2020-02-10 22:30:00,2020-02-10,0
0,0,0,0,2020-02-09 23:00:00,2020-02-09,0
0,0,0,0,2020-02-08 22:00:00,2020-02-08,0
0,0,0,0,2020-02-07 23:00:00,2020-02-07,0
0,0,0,0,2020-02-06 21:30:00,2020-02-06,0
0,0,0,0,2020-02-05 23:00:00,2020-02-05,0
0,0,0,0,2020-02-04 20:00:00,2020-02-04,0
0,0,0,0,2020-02-03 20:00:00,2020-02-03,0
0,0,0,0,2020-02-02 22:00:00,2020-02-02,0
0,0,0,0,2020-02-01 23:00:00,2020-02-01,0
0,0,0,0,2020-01-31 19:00:00,2020-01-31,0
0,0,0,0,2020-01-30 21:30:00,2020-01-30,0
0,0,0,0,2020-01-29 21:00:00,2020-01-29,0
0,0,0,0,2020-01-28 23:00:00,2020-01-28,0
0,0,0,0,2020-01-27 20:30:00,2020-01-27,0
0,0,0,0,2020-01-26 23:00:00,2020-01-26,0
0,0,0,0,2020-01-25 22:00:00,2020-01-25,0
0,0,0,0,2020-01-24 12:00:00,2020-01-24,0
0,0,0,0,2020-01-23 00:00:00,2020-01-23,0
0,0,0,0,2020-01-22 00:00:00,2020-01-22,0
0,0,0,0,2020-01-21 00:00:00,2020-01-21,0
