Confirmed,Recovered,Deaths,Remaining,Date_last_updated_IST,Date_last_updated,date_day,New
116,2,6,108,2020-04-18 15:07:00,,2020-04-18,36
80,2,5,73,2020-04-17 22:01:00,,2020-04-17,0
80,2,5,73,2020-04-16 21:38:00,,2020-04-16,20
60,2,2,56,2020-04-15 20:35:00,,2020-04-15,0
60,2,2,56,2020-04-14 23:37:00,,2020-04-14,35
25,2,2,21,2020-04-13 21:50:00,,2020-04-13,4
21,2,1,18,2020-04-12 21:08:00,,2020-04-12,0
21,1,1,19,2020-04-11 07:00:00,,2020-04-11,0
21,1,1,19,2020-04-10 22:00:00,,2020-04-10,9
12,1,1,10,2020-04-09 22:00:00,,2020-04-09,0
12,1,1,10,2020-04-08 23:00:00,,2020-04-08,4
8,1,0,7,2020-04-07 23:00:00,,2020-04-07,1
7,1,0,6,2020-04-06 23:00:00,,2020-04-06,0
7,1,0,6,2020-04-05 23:00:00,,2020-04-05,0
7,1,0,6,2020-04-04 23:50:00,,2020-04-04,0
7,1,0,6,2020-04-03 23:30:00,,2020-04-03,2
5,1,0,4,2020-04-02 23:30:00,,2020-04-02,0
5,1,0,4,2020-04-01 23:00:00,,2020-04-01,0
5,1,0,4,2020-03-31 23:30:00,,2020-03-31,2
3,1,0,2,2020-03-30 22:30:00,,2020-03-30,0
3,0,0,3,2020-03-29 23:10:00,,2020-03-29,0
3,0,0,3,2020-03-28 23:30:00,,2020-03-28,0
3,0,0,3,2020-03-27 23:30:00,,2020-03-27,1
2,0,0,2,2020-03-26 22:40:00,,2020-03-26,1
1,0,0,1,2020-03-25 22:00:00,,2020-03-25,0
1,0,0,1,2020-03-24 22:30:00,,2020-03-24,0
1,0,0,1,2020-03-23 23:40:00,,2020-03-23,0
1,0,0,1,2020-03-22 22:30:00,,2020-03-22,0
1,0,0,1,2020-03-21 23:30:00,,2020-03-21,0
1,0,0,1,2020-03-20 22:45:00,,2020-03-20,0
1,0,0,1,2020-03-19 23:30:00,,2020-03-19,0
1,0,0,1,2020-03-18 23:30:00,,2020-03-18,0
1,0,0,1,2020-03-17 22:30:00,,2020-03-17,0
1,0,0,1,2020-03-16 22:00:00,,2020-03-16,0
