Confirmed,Recovered,Deaths,Remaining,Date_last_updated_IST,Date_last_updated,date_day,New
233,61,7,165,2020-04-14 23:37:00,,2020-04-14,16
217,56,7,154,2020-04-13 21:50:00,,2020-04-13,14
203,55,7,141,2020-04-12 21:08:00,,2020-04-12,6
197,54,7,136,2020-04-11 07:00:00,,2020-04-11,0
197,54,7,136,2020-04-10 22:00:00,,2020-04-10,7
190,49,7,134,2020-04-09 22:00:00,,2020-04-09,1
189,44,7,138,2020-04-08 23:00:00,,2020-04-08,4
185,42,6,137,2020-04-07 23:00:00,,2020-04-07,7
178,38,5,135,2020-04-06 23:00:00,,2020-04-06,2
176,33,5,138,2020-04-05 23:00:00,,2020-04-05,10
166,27,5,134,2020-04-04 23:50:00,,2020-04-04,7
159,24,5,130,2020-04-03 23:30:00,,2020-04-03,8
151,21,4,126,2020-04-02 23:30:00,,2020-04-02,5
146,21,3,122,2020-04-01 23:00:00,,2020-04-01,3
143,17,2,124,2020-03-31 23:30:00,,2020-03-31,21
122,15,2,105,2020-03-30 22:30:00,,2020-03-30,5
117,11,1,105,2020-03-29 23:10:00,,2020-03-29,4
113,9,1,103,2020-03-28 23:30:00,,2020-03-28,7
106,7,0,99,2020-03-27 23:30:00,,2020-03-27,0
106,7,0,99,2020-03-26 22:40:00,,2020-03-26,4
102,3,0,99,2020-03-25 22:00:00,,2020-03-25,0
102,2,0,100,2020-03-24 22:30:00,,2020-03-24,5
97,2,0,95,2020-03-23 23:40:00,,2020-03-23,15
82,3,0,79,2020-03-22 22:30:00,,2020-03-22,5
77,3,0,74,2020-03-21 23:30:00,,2020-03-21,4
73,3,0,70,2020-03-20 22:45:00,,2020-03-20,13
60,3,0,57,2020-03-19 23:30:00,,2020-03-19,9
51,3,0,48,2020-03-18 23:30:00,,2020-03-18,7
44,1,0,43,2020-03-17 22:30:00,,2020-03-17,16
28,1,0,27,2020-03-16 22:00:00,,2020-03-16,10
18,1,0,17,2020-03-15 23:30:00,,2020-03-15,8
10,1,0,9,2020-03-14 22:30:00,,2020-03-14,4
6,1,0,5,2020-03-13 22:00:00,,2020-03-13,3
3,1,0,2,2020-03-12 22:00:00,,2020-03-12,1
2,1,0,1,2020-03-11 22:30:00,,2020-03-11,1
1,1,0,0,2020-03-10 23:00:00,,2020-03-10,0
1,1,0,0,2020-03-09 22:30:00,,2020-03-09,0
1,1,0,0,2020-03-08 22:00:00,,2020-03-08,0
1,1,0,0,2020-03-07 22:00:00,,2020-03-07,0
1,1,0,0,2020-03-06 20:30:00,,2020-03-06,0
1,1,0,0,2020-03-05 20:30:00,,2020-03-05,0
1,1,0,0,2020-03-04 22:00:00,,2020-03-04,0
1,1,0,0,2020-03-03 23:30:00,,2020-03-03,0
1,1,0,0,2020-03-02 22:00:00,,2020-03-02,0
1,1,0,0,2020-03-01 23:00:00,,2020-03-01,0
1,1,0,0,2020-02-29 23:00:00,,2020-02-29,0
1,1,0,0,2020-02-28 23:00:00,,2020-02-28,0
1,1,0,0,2020-02-27 22:00:00,,2020-02-27,0
1,1,0,0,2020-02-26 23:30:00,,2020-02-26,0
1,1,0,0,2020-02-25 22:00:00,,2020-02-25,0
1,1,0,0,2020-02-24 23:00:00,,2020-02-24,0
1,1,0,0,2020-02-23 22:00:00,,2020-02-23,0
1,1,0,0,2020-02-22 23:00:00,,2020-02-22,0
1,1,0,0,2020-02-21 23:00:00,,2020-02-21,0
1,1,0,0,2020-02-20 22:00:00,,2020-02-20,0
1,1,0,0,2020-02-19 23:00:00,,2020-02-19,0
1,1,0,0,2020-02-18 23:00:00,,2020-02-18,0
1,1,0,0,2020-02-17 23:00:00,,2020-02-17,0
1,1,0,0,2020-02-16 22:30:00,,2020-02-16,0
1,1,0,0,2020-02-15 23:00:00,,2020-02-15,0
1,1,0,0,2020-02-14 23:00:00,,2020-02-14,0
1,1,0,0,2020-02-13 22:00:00,,2020-02-13,0
1,1,0,0,2020-02-12 21:30:00,,2020-02-12,0
1,1,0,0,2020-02-11 23:00:00,,2020-02-11,0
1,1,0,0,2020-02-10 22:30:00,,2020-02-10,0
1,1,0,0,2020-02-09 23:00:00,,2020-02-09,0
1,1,0,0,2020-02-08 22:00:00,,2020-02-08,0
1,1,0,0,2020-02-07 23:00:00,,2020-02-07,0
1,1,0,0,2020-02-06 21:30:00,,2020-02-06,0
1,1,0,0,2020-02-05 23:00:00,,2020-02-05,0
1,1,0,0,2020-02-04 20:00:00,,2020-02-04,0
1,1,0,0,2020-02-03 20:00:00,,2020-02-03,0
1,0,0,1,2020-02-02 22:00:00,,2020-02-02,0
1,0,0,1,2020-02-01 23:00:00,,2020-02-01,0
1,0,0,1,2020-01-31 19:00:00,,2020-01-31,0
1,0,0,1,2020-01-30 21:30:00,,2020-01-30,0
1,0,0,1,2020-01-29 21:00:00,,2020-01-29,0
1,0,0,1,2020-01-28 23:00:00,,2020-01-28,0
1,0,0,1,2020-01-27 20:30:00,,2020-01-27,0
